1403638522.827830 0.029894 0.010689 0.272026 0.819357 0.023339 0.570114 -0.055484
1403638522.927830 0.033777 0.010732 0.327850 0.813539 0.017943 0.577264 -0.067819
1403638523.027829 0.035956 0.006326 0.369757 0.809427 0.014967 0.582595 -0.072023
1403638523.127830 0.035577 0.000944 0.395541 0.807942 0.015415 0.584667 -0.071812
1403638523.227829 0.032779 -0.005914 0.398850 0.806321 0.015318 0.587389 -0.067723
1403638523.327830 0.030998 -0.012486 0.376463 0.803849 0.014668 0.591790 -0.058278
1403638523.427830 0.028579 -0.017251 0.335056 0.803961 0.015459 0.591925 -0.055066
1403638523.527829 0.024837 -0.022662 0.285824 0.810260 0.019115 0.583712 -0.048914
1403638523.627830 0.018412 -0.028382 0.233739 0.818865 0.022622 0.572093 -0.040715
1403638523.727829 0.013488 -0.033044 0.184894 0.825186 0.025099 0.563200 -0.035281
1403638523.827830 0.007891 -0.036941 0.139146 0.827175 0.027654 0.560302 -0.032860
1403638523.927830 0.002525 -0.042375 0.099551 0.826277 0.031598 0.561820 -0.025016
1403638524.027829 -0.002644 -0.048575 0.075686 0.827427 0.039651 0.559922 -0.016760
1403638524.127830 -0.005925 -0.047965 0.073621 0.831792 0.047118 0.552937 -0.012729
1403638524.227829 -0.005210 -0.048886 0.110278 0.833786 0.053667 0.549038 -0.021882
1403638524.327830 -0.001827 -0.048577 0.160852 0.831148 0.057140 0.552066 -0.033933
1403638524.427830 0.004248 -0.047567 0.219004 0.824016 0.058329 0.561723 -0.045422
1403638524.527829 0.009582 -0.045990 0.279500 0.815691 0.057308 0.573421 -0.050523
1403638524.627830 0.016392 -0.042874 0.336985 0.807623 0.053337 0.585084 -0.050771
1403638524.727829 0.023231 -0.037832 0.384535 0.802685 0.047663 0.593047 -0.041480
1403638524.827830 0.028536 -0.032328 0.417630 0.800154 0.042279 0.597601 -0.028950
1403638524.927830 0.029749 -0.029607 0.436804 0.797983 0.042774 0.600193 -0.034072
1403638525.027829 0.029902 -0.027760 0.436440 0.795356 0.046425 0.603122 -0.038690
1403638525.127830 0.030969 -0.026615 0.413363 0.791546 0.049726 0.608142 -0.033849
1403638525.227829 0.032595 -0.027340 0.373420 0.790735 0.053998 0.608951 -0.031631
1403638525.327830 0.033130 -0.028285 0.322911 0.796029 0.058517 0.601578 -0.031895
1403638525.427830 0.032221 -0.028490 0.269661 0.807129 0.061879 0.585990 -0.036472
1403638525.527829 0.031103 -0.029106 0.220374 0.818696 0.062686 0.569014 -0.045067
1403638525.627830 0.030488 -0.031035 0.177950 0.824530 0.060649 0.560506 -0.048009
1403638525.727829 0.030490 -0.031523 0.143430 0.825193 0.056277 0.560119 -0.046441
1403638525.827830 0.031051 -0.031081 0.117733 0.822168 0.050201 0.565457 -0.042177
1403638525.927830 0.030484 -0.033821 0.101414 0.819063 0.047078 0.570802 -0.033220
1403638526.027829 0.028086 -0.046802 0.095288 0.819390 0.046522 0.570711 -0.026928
1403638526.127830 0.023143 -0.074173 0.097050 0.821908 0.040918 0.567584 -0.025328
1403638526.227829 0.019347 -0.107514 0.107231 0.823122 0.031840 0.566472 -0.023775
1403638526.327830 0.013015 -0.146092 0.120839 0.820550 0.023191 0.570722 -0.020893
1403638526.427830 0.004615 -0.189756 0.133960 0.816038 0.013760 0.577523 -0.018964
1403638526.527829 -0.005406 -0.237990 0.143922 0.811503 0.002212 0.584054 -0.018418
1403638526.627830 -0.016179 -0.293373 0.150757 0.806318 -0.007455 0.591213 -0.016196
1403638526.727829 -0.028891 -0.356351 0.155947 0.802199 -0.014879 0.596773 -0.010886
1403638526.827830 -0.043208 -0.423801 0.159549 0.800013 -0.018820 0.599687 -0.000392
1403638526.927830 -0.063251 -0.486911 0.163888 0.802032 -0.023486 0.596797 0.005216
1403638527.027829 -0.078684 -0.548963 0.166508 0.806594 -0.033378 0.590058 0.011151
1403638527.127830 -0.092181 -0.606591 0.170932 0.810452 -0.048496 0.583481 0.019124
1403638527.227829 -0.103954 -0.655213 0.178345 0.810201 -0.063395 0.582060 0.027590
1403638527.327830 -0.107309 -0.689385 0.185227 0.806677 -0.074738 0.584787 0.041364
1403638527.427830 -0.102323 -0.704436 0.189741 0.803230 -0.079794 0.587903 0.053157
1403638527.527829 -0.091671 -0.696599 0.190954 0.802794 -0.080961 0.587942 0.057375
1403638527.627830 -0.074345 -0.661191 0.188199 0.805357 -0.078507 0.584968 0.055211
1403638527.727829 -0.055043 -0.613879 0.186247 0.807775 -0.070238 0.583189 0.049563
1403638527.827830 -0.034204 -0.559193 0.185996 0.811058 -0.062961 0.580319 0.038089
1403638527.927830 -0.017185 -0.500773 0.189965 0.813730 -0.057851 0.577882 0.023452
1403638528.027829 0.002764 -0.438533 0.191352 0.813385 -0.051144 0.579239 0.016465
1403638528.127830 0.016345 -0.381637 0.193829 0.812297 -0.043405 0.581569 0.008160
1403638528.227829 0.035759 -0.325825 0.187119 0.813497 -0.034362 0.580551 -0.001799
1403638528.327830 0.061529 -0.282925 0.183468 0.814039 -0.024298 0.580176 -0.012078
1403638528.427830 0.092967 -0.252167 0.176556 0.812821 -0.019354 0.582035 -0.013535
1403638528.527829 0.128364 -0.229108 0.171993 0.813889 -0.019787 0.580576 -0.011147
1403638528.627830 0.164158 -0.211743 0.169741 0.816406 -0.027702 0.576711 -0.010831
1403638528.727829 0.197852 -0.198380 0.171035 0.816942 -0.034012 0.575657 -0.008233
1403638528.827830 0.220498 -0.188761 0.175574 0.816296 -0.040864 0.576161 -0.005450
1403638528.927830 0.226996 -0.181010 0.185204 0.815778 -0.049317 0.576156 -0.010880
1403638529.027829 0.217644 -0.170057 0.200704 0.816716 -0.054140 0.574280 -0.015716
1403638529.127830 0.193468 -0.158875 0.214902 0.817595 -0.051115 0.573503 -0.004509
1403638529.227829 0.161898 -0.142059 0.218874 0.818892 -0.044121 0.572135 0.011427
1403638529.327830 0.126544 -0.122746 0.213075 0.822183 -0.039219 0.567531 0.019632
1403638529.427830 0.093415 -0.098385 0.194885 0.829989 -0.035931 0.556180 0.022179
1403638529.527829 0.065863 -0.083814 0.173428 0.841163 -0.033999 0.539383 0.018846
1403638529.627830 0.045047 -0.072299 0.147348 0.848569 -0.030679 0.527812 0.020100
1403638529.727829 0.031093 -0.064249 0.121610 0.848623 -0.028848 0.527827 0.020120
1403638529.827830 0.025383 -0.055123 0.100619 0.842574 -0.029721 0.537428 0.018876
1403638529.927830 0.025003 -0.048505 0.083851 0.837635 -0.030193 0.545070 0.018849
1403638530.027829 0.023116 -0.046782 0.072620 0.837424 -0.031659 0.545258 0.020323
1403638530.127830 0.030657 -0.045305 0.061843 0.839667 -0.034795 0.541552 0.021688
1403638530.227829 0.044324 -0.044578 0.049613 0.840128 -0.040825 0.540305 0.024249
1403638530.327830 0.058514 -0.046241 0.038429 0.839413 -0.047051 0.540846 0.025643
1403638530.427830 0.071439 -0.049294 0.028120 0.838807 -0.051355 0.541206 0.029358
1403638530.527829 0.081798 -0.053074 0.021083 0.838571 -0.055497 0.541267 0.027368
1403638530.627830 0.088018 -0.057176 0.015553 0.839759 -0.058254 0.539016 0.029534
1403638530.727829 0.091731 -0.059897 0.010040 0.843537 -0.060703 0.532766 0.030334
1403638530.827830 0.094550 -0.061946 0.004473 0.845574 -0.061512 0.529412 0.030713
1403638530.927830 0.096324 -0.062870 0.000855 0.844567 -0.061178 0.531159 0.028868
1403638531.027829 0.096966 -0.062846 -0.001680 0.841754 -0.061264 0.535645 0.027945
1403638531.127830 0.096172 -0.061667 -0.001713 0.838101 -0.059994 0.541350 0.030460
1403638531.227829 0.096562 -0.060357 -0.002235 0.837834 -0.057201 0.541943 0.032558
1403638531.327830 0.096410 -0.058990 -0.003003 0.834364 -0.057377 0.547213 0.033221
1403638531.427830 0.096327 -0.059084 -0.003113 0.835336 -0.056673 0.545769 0.033738
1403638531.527829 0.095964 -0.059140 -0.003049 0.834564 -0.057160 0.546929 0.033251
1403638531.627830 0.095892 -0.059235 -0.003078 0.834648 -0.056215 0.546856 0.033933
1403638531.727829 0.095869 -0.059219 -0.003094 0.834693 -0.056795 0.546718 0.034068
1403638531.827830 0.095905 -0.059228 -0.003102 0.834634 -0.057010 0.546778 0.034190
1403638531.927830 0.095902 -0.059198 -0.003110 0.834555 -0.057263 0.546872 0.034206
1403638532.027829 0.095910 -0.059173 -0.003138 0.834498 -0.057475 0.546934 0.034247
1403638532.127830 0.095946 -0.059206 -0.003119 0.834433 -0.057647 0.547006 0.034401
1403638532.227829 0.095897 -0.059228 -0.003133 0.834465 -0.057547 0.546952 0.034641
1403638532.327830 0.095920 -0.059288 -0.003107 0.834373 -0.057604 0.547070 0.034907
1403638532.427830 0.095905 -0.059338 -0.003106 0.834344 -0.057596 0.547106 0.035038
1403638532.527829 0.095927 -0.059371 -0.003113 0.834311 -0.057681 0.547142 0.035130
1403638532.627830 0.095962 -0.059395 -0.003144 0.834290 -0.057773 0.547159 0.035207
1403638532.727829 0.095964 -0.059394 -0.003166 0.834247 -0.057843 0.547214 0.035251
1403638532.827830 0.095984 -0.059400 -0.003155 0.834217 -0.057913 0.547251 0.035286
1403638532.927830 0.095970 -0.059405 -0.003167 0.834200 -0.057897 0.547271 0.035395
1403638533.027829 0.095982 -0.059438 -0.003158 0.834146 -0.057961 0.547340 0.035498
1403638533.127830 0.095974 -0.059451 -0.003159 0.834128 -0.057995 0.547360 0.035539
1403638533.227829 0.095966 -0.059453 -0.003173 0.834106 -0.058008 0.547393 0.035546
1403638533.327830 0.095971 -0.059448 -0.003163 0.834082 -0.058012 0.547426 0.035584
1403638533.427830 0.095952 -0.059450 -0.003180 0.834071 -0.058032 0.547444 0.035523
1403638533.527829 0.095961 -0.059478 -0.003164 0.834015 -0.058124 0.547509 0.035696
1403638533.627830 0.095968 -0.059515 -0.003157 0.833968 -0.058142 0.547572 0.035815
1403638533.727829 0.095954 -0.059514 -0.003168 0.833975 -0.058175 0.547553 0.035883
1403638533.827830 0.095960 -0.059527 -0.003170 0.833926 -0.058225 0.547625 0.035832
1403638533.927830 0.096036 -0.059532 -0.003233 0.833957 -0.058136 0.547586 0.035848
1403638534.027829 0.095993 -0.059530 -0.003232 0.833912 -0.058299 0.547631 0.035947
1403638534.127830 0.095970 -0.059552 -0.003191 0.833959 -0.058449 0.547538 0.036027
1403638534.227829 0.095934 -0.059513 -0.003177 0.833943 -0.058480 0.547569 0.035876
1403638534.327830 0.095970 -0.059483 -0.003163 0.833992 -0.058398 0.547518 0.035667
1403638534.427830 0.095937 -0.059443 -0.003165 0.834104 -0.058412 0.547351 0.035579
1403638534.527829 0.095935 -0.059517 -0.003152 0.834108 -0.058700 0.547296 0.035844
1403638534.627830 0.095959 -0.059475 -0.003114 0.834185 -0.058234 0.547246 0.035569
1403638534.727829 0.095975 -0.059469 -0.003118 0.834201 -0.057979 0.547262 0.035383
1403638534.827830 0.095965 -0.059469 -0.003116 0.834173 -0.058055 0.547290 0.035475
1403638534.927830 0.095938 -0.059516 -0.003140 0.834192 -0.058255 0.547223 0.035740
1403638535.027829 0.095931 -0.059542 -0.003126 0.834207 -0.058214 0.547209 0.035677
1403638535.127830 0.095932 -0.059540 -0.003118 0.834237 -0.058160 0.547169 0.035677
1403638535.227829 0.095924 -0.059543 -0.003136 0.834257 -0.058136 0.547149 0.035556
1403638535.327830 0.095917 -0.059545 -0.003128 0.834275 -0.058160 0.547119 0.035548
1403638535.427830 0.095923 -0.059522 -0.003116 0.834272 -0.058105 0.547127 0.035590
1403638535.527829 0.095937 -0.059515 -0.003116 0.834261 -0.058150 0.547141 0.035559
1403638535.627830 0.095934 -0.059505 -0.003121 0.834277 -0.058097 0.547122 0.035547
1403638535.727829 0.095934 -0.059509 -0.003117 0.834269 -0.058127 0.547133 0.035535
1403638535.827830 0.095933 -0.059513 -0.003115 0.834265 -0.058088 0.547147 0.035462
1403638535.927830 0.095917 -0.059496 -0.003122 0.834276 -0.058105 0.547131 0.035423
1403638536.027829 0.095919 -0.059509 -0.003116 0.834283 -0.058096 0.547126 0.035352
1403638536.127830 0.095920 -0.059502 -0.003116 0.834289 -0.058120 0.547115 0.035346
1403638536.227829 0.095931 -0.059513 -0.003098 0.834283 -0.058121 0.547126 0.035308
1403638536.327830 0.095929 -0.059512 -0.003121 0.834231 -0.058091 0.547211 0.035280
1403638536.427830 0.095924 -0.059504 -0.003124 0.834231 -0.058136 0.547204 0.035319
1403638536.527829 0.095923 -0.059513 -0.003112 0.834253 -0.058089 0.547177 0.035281
1403638536.627830 0.095910 -0.059492 -0.003121 0.834215 -0.058167 0.547227 0.035282
1403638536.727829 0.095915 -0.059502 -0.003122 0.834212 -0.058091 0.547237 0.035334
1403638536.827830 0.095910 -0.059520 -0.003131 0.834201 -0.058127 0.547250 0.035315
1403638536.927830 0.095903 -0.059538 -0.003129 0.834189 -0.058126 0.547269 0.035308
1403638537.027829 0.095911 -0.059533 -0.003116 0.834212 -0.058103 0.547236 0.035305
1403638537.127830 0.095927 -0.059507 -0.003119 0.834189 -0.058038 0.547273 0.035396
1403638537.227829 0.095928 -0.059493 -0.003106 0.834203 -0.058110 0.547245 0.035393
1403638537.327830 0.095938 -0.059493 -0.003108 0.834174 -0.058107 0.547290 0.035366
1403638537.427830 0.095941 -0.059486 -0.003113 0.834163 -0.058073 0.547314 0.035324
1403638537.527829 0.095954 -0.059468 -0.003099 0.834173 -0.058025 0.547301 0.035359
1403638537.627830 0.095965 -0.059448 -0.003063 0.834160 -0.057886 0.547332 0.035413
1403638537.727829 0.095971 -0.059483 -0.003044 0.834190 -0.057907 0.547282 0.035433
1403638537.827830 0.095967 -0.059459 -0.003028 0.834171 -0.057922 0.547311 0.035427
1403638537.927830 0.095988 -0.059468 -0.003037 0.834127 -0.057921 0.547377 0.035430
1403638538.027829 0.095961 -0.059484 -0.002977 0.834191 -0.057957 0.547273 0.035468
1403638538.127830 0.095965 -0.059475 -0.002975 0.834109 -0.057910 0.547398 0.035565
1403638538.227829 0.095997 -0.059462 -0.002989 0.834113 -0.057939 0.547388 0.035565
1403638538.327830 0.095974 -0.059459 -0.003016 0.834150 -0.057814 0.547350 0.035501
1403638538.427830 0.096036 -0.059421 -0.002937 0.834037 -0.057849 0.547514 0.035546
1403638538.527829 0.095994 -0.059449 -0.002847 0.834033 -0.057892 0.547518 0.035511
1403638538.627830 0.095967 -0.059502 -0.002741 0.833772 -0.058060 0.547876 0.035838
1403638538.727829 0.095926 -0.059577 -0.002618 0.833445 -0.058036 0.548363 0.036048
1403638538.827830 0.096695 -0.059420 -0.002482 0.832929 -0.057584 0.549219 0.035648
1403638538.927830 0.098772 -0.059186 -0.000670 0.830006 -0.057117 0.553652 0.036028
1403638539.027829 0.102673 -0.059155 0.002085 0.825257 -0.057605 0.560588 0.037060
1403638539.127830 0.108177 -0.059097 0.008207 0.818636 -0.059028 0.570079 0.036889
1403638539.227829 0.115313 -0.058650 0.020612 0.813826 -0.058392 0.577000 0.036709
1403638539.327830 0.122286 -0.058097 0.041562 0.812888 -0.058125 0.578380 0.036217
1403638539.427830 0.128866 -0.057692 0.070093 0.814506 -0.057088 0.576208 0.036138
1403638539.527829 0.135609 -0.057477 0.103888 0.816486 -0.055933 0.573535 0.035762
1403638539.627830 0.142737 -0.057512 0.137690 0.817166 -0.054973 0.572712 0.034907
1403638539.727829 0.150340 -0.057478 0.161874 0.817811 -0.053969 0.571922 0.034304
1403638539.827830 0.159057 -0.057013 0.175301 0.819434 -0.052624 0.569731 0.034141
1403638539.927830 0.169940 -0.056110 0.185331 0.823308 -0.051958 0.564256 0.032855
1403638540.027829 0.183949 -0.055625 0.195189 0.828742 -0.052430 0.556277 0.031528
1403638540.127830 0.202809 -0.055256 0.204422 0.834618 -0.052278 0.547453 0.031228
1403638540.227829 0.229226 -0.055205 0.214865 0.834540 -0.050973 0.547668 0.031697
1403638540.327830 0.262523 -0.055507 0.227574 0.828317 -0.049880 0.557094 0.032392
1403638540.427830 0.300271 -0.055318 0.238802 0.823719 -0.045946 0.564242 0.031733
1403638540.527829 0.363644 -0.065166 0.223807 0.823356 -0.037448 0.565674 0.026365
1403638540.627830 0.408532 -0.061912 0.231388 0.823560 -0.023503 0.566465 0.017734
1403638540.727829 0.465296 -0.064127 0.230870 0.822962 -0.001704 0.568004 0.010101
1403638540.827830 0.517431 -0.059305 0.236578 0.822430 0.024833 0.568323 0.000982
1403638540.927830 0.569846 -0.050304 0.239996 0.821527 0.053128 0.567583 -0.010927
1403638541.027829 0.622684 -0.036399 0.241610 0.819823 0.075740 0.566996 -0.025859
1403638541.127830 0.676126 -0.019334 0.240494 0.817538 0.092084 0.567183 -0.038155
1403638541.227829 0.728754 0.003861 0.235008 0.816559 0.103062 0.566147 -0.045676
1403638541.327830 0.781550 0.031256 0.232363 0.815903 0.108961 0.565661 -0.049575
1403638541.427830 0.833860 0.063136 0.235419 0.815954 0.110171 0.565132 -0.052034
1403638541.527829 0.885627 0.099562 0.243863 0.814776 0.110923 0.566795 -0.050797
1403638541.627830 0.939282 0.142538 0.259296 0.813199 0.113219 0.568501 -0.051916
1403638541.727829 1.001170 0.188777 0.285152 0.811638 0.117346 0.569227 -0.058773
1403638541.827830 1.053855 0.243243 0.314246 0.810568 0.123783 0.567982 -0.071088
1403638541.927830 1.103433 0.301729 0.348655 0.809453 0.135319 0.565360 -0.082718
1403638542.027829 1.150432 0.360984 0.376712 0.807818 0.151471 0.561381 -0.096633
1403638542.127830 1.197181 0.420413 0.397816 0.804960 0.170880 0.557346 -0.110474
1403638542.227829 1.242583 0.480742 0.412609 0.801087 0.192041 0.552534 -0.126830
1403638542.327830 1.289413 0.542647 0.421753 0.795971 0.215616 0.547690 -0.141337
1403638542.427830 1.336670 0.605440 0.428863 0.784766 0.236150 0.552643 -0.151530
1403638542.527829 1.380780 0.667477 0.432775 0.771294 0.255476 0.562649 -0.152523
1403638542.627830 1.420457 0.732511 0.435917 0.762954 0.270177 0.567803 -0.150017
1403638542.727829 1.453267 0.801397 0.443517 0.763400 0.274493 0.564046 -0.154030
1403638542.827830 1.476473 0.875737 0.458543 0.767860 0.271671 0.556643 -0.163509
1403638542.927830 1.501235 0.951573 0.480606 0.773706 0.268019 0.548625 -0.168982
1403638543.027829 1.516543 1.028048 0.509033 0.777777 0.265206 0.543285 -0.171960
1403638543.127830 1.530463 1.106346 0.534994 0.780084 0.261945 0.540967 -0.173805
1403638543.227829 1.543879 1.182973 0.557199 0.781032 0.260318 0.540613 -0.173094
1403638543.327830 1.557723 1.262639 0.571726 0.781685 0.258031 0.540717 -0.173246
1403638543.427830 1.573570 1.345486 0.582429 0.781715 0.259304 0.539781 -0.174127
1403638543.527829 1.587056 1.425511 0.592586 0.779980 0.266430 0.537558 -0.177981
1403638543.627830 1.601564 1.510422 0.594625 0.775454 0.281934 0.534472 -0.183097
1403638543.727829 1.614459 1.593862 0.599914 0.768584 0.301260 0.530588 -0.192349
1403638543.827830 1.624507 1.676513 0.608486 0.758728 0.324421 0.527357 -0.202427
1403638543.927830 1.633066 1.758662 0.624363 0.749183 0.345209 0.521960 -0.217054
1403638544.027829 1.642020 1.839833 0.645794 0.742583 0.359859 0.514981 -0.232092
1403638544.127830 1.654081 1.929575 0.669757 0.739073 0.369062 0.508072 -0.243779
1403638544.227829 1.666069 2.022203 0.688752 0.736196 0.373388 0.504479 -0.253174
1403638544.327830 1.680647 2.096826 0.700116 0.734555 0.376698 0.502061 -0.257803
1403638544.427830 1.695963 2.184651 0.707498 0.735171 0.377880 0.499734 -0.258835
1403638544.527829 1.713066 2.276679 0.714718 0.734412 0.377905 0.501325 -0.257876
1403638544.627830 1.729859 2.368541 0.722631 0.729106 0.377237 0.507287 -0.262216
1403638544.727829 1.747608 2.463708 0.737567 0.724622 0.377305 0.511808 -0.265736
1403638544.827830 1.763412 2.557054 0.756660 0.726352 0.379209 0.508548 -0.264559
1403638544.927830 1.778529 2.646053 0.768668 0.729257 0.380636 0.503937 -0.263340
1403638545.027829 1.795588 2.737159 0.775110 0.728649 0.380868 0.503910 -0.264735
1403638545.127830 1.809248 2.823228 0.777296 0.727514 0.381189 0.504742 -0.265807
1403638545.227829 1.826166 2.912313 0.771372 0.727821 0.382852 0.503730 -0.264494
1403638545.327830 1.841057 2.998794 0.762528 0.725711 0.383363 0.506031 -0.265158
1403638545.427830 1.858589 3.089361 0.747769 0.724738 0.382507 0.507095 -0.267017
1403638545.527829 1.875451 3.179517 0.732869 0.723446 0.385975 0.504745 -0.269967
1403638545.627830 1.888932 3.264720 0.725507 0.719848 0.394891 0.499108 -0.277078
1403638545.727829 1.904154 3.347799 0.721017 0.713532 0.409031 0.492101 -0.285311
1403638545.827830 1.920278 3.430438 0.726190 0.702975 0.427497 0.485532 -0.295518
1403638545.927830 1.935631 3.516126 0.737684 0.691268 0.448657 0.476816 -0.305779
1403638546.027829 1.951453 3.602634 0.755455 0.678986 0.469246 0.469100 -0.314217
1403638546.127830 1.969174 3.693680 0.770852 0.668306 0.485284 0.463918 -0.320386
1403638546.227829 1.984977 3.786213 0.779665 0.661914 0.494525 0.458345 -0.327466
1403638546.327830 2.000293 3.881632 0.781565 0.658757 0.499263 0.453478 -0.333367
1403638546.427830 2.013813 3.976469 0.778214 0.658398 0.500383 0.449233 -0.338111
1403638546.527829 2.026655 4.072047 0.771422 0.657350 0.502215 0.447864 -0.339249
1403638546.627830 2.038414 4.166928 0.768519 0.653574 0.507247 0.446131 -0.341332
1403638546.727829 2.049596 4.265581 0.773656 0.648653 0.513062 0.443809 -0.345036
1403638546.827830 2.060521 4.366905 0.788900 0.644277 0.518848 0.442816 -0.345857
1403638546.927830 2.069334 4.470607 0.807358 0.641189 0.523045 0.442193 -0.346071
1403638547.027829 2.077313 4.575480 0.820561 0.638092 0.526893 0.443245 -0.344611
1403638547.127830 2.081616 4.679633 0.825966 0.635346 0.530883 0.445048 -0.341221
1403638547.227829 2.084099 4.787174 0.828146 0.634077 0.532888 0.446023 -0.339176
1403638547.327830 2.079715 4.892227 0.823468 0.633129 0.533707 0.447242 -0.338052
1403638547.427830 2.072385 5.000747 0.818546 0.636498 0.529817 0.443183 -0.343153
1403638547.527829 2.062491 5.108957 0.810219 0.639786 0.525801 0.439491 -0.347929
1403638547.627830 2.050710 5.220560 0.793829 0.642115 0.523127 0.437572 -0.350082
1403638547.727829 2.036613 5.323089 0.774699 0.642322 0.522877 0.438517 -0.348891
1403638547.827830 2.022001 5.437171 0.749377 0.640237 0.525069 0.442312 -0.344613
1403638547.927830 2.003467 5.538101 0.723985 0.639832 0.525194 0.442830 -0.344509
1403638548.027829 1.984775 5.655446 0.705490 0.639274 0.526270 0.441334 -0.345821
1403638548.127830 1.961207 5.774118 0.693200 0.636489 0.530158 0.437922 -0.349340
1403638548.227829 1.938623 5.896549 0.692076 0.631191 0.536906 0.432518 -0.355328
1403638548.327830 1.913489 6.019837 0.698093 0.623209 0.546729 0.425330 -0.363033
1403638548.427830 1.887730 6.144323 0.712669 0.613583 0.559062 0.417078 -0.370151
1403638548.527829 1.862758 6.272252 0.729100 0.605087 0.567729 0.410764 -0.377924
1403638548.627830 1.838054 6.396178 0.742984 0.597813 0.574782 0.406712 -0.383184
1403638548.727829 1.814299 6.517782 0.753284 0.593242 0.579447 0.403190 -0.386966
1403638548.827830 1.790277 6.642305 0.764090 0.590306 0.582627 0.400612 -0.389353
1403638548.927830 1.764370 6.770580 0.782347 0.588657 0.583957 0.399265 -0.391235
1403638549.027829 1.736629 6.899653 0.804622 0.587975 0.585768 0.398512 -0.390319
1403638549.127830 1.710608 7.022261 0.834956 0.588409 0.584355 0.397707 -0.392597
1403638549.227829 1.682792 7.149776 0.869786 0.588470 0.583888 0.397924 -0.392981
1403638549.327830 1.656594 7.278717 0.911125 0.589693 0.582077 0.397219 -0.394544
1403638549.427830 1.628383 7.408714 0.951918 0.590948 0.579565 0.396604 -0.396976
1403638549.527829 1.602311 7.541268 0.988951 0.592248 0.578127 0.396003 -0.397733
1403638549.627830 1.576380 7.674587 1.019026 0.591461 0.576226 0.397965 -0.399702
1403638549.727829 1.553352 7.808435 1.047175 0.590944 0.576160 0.400002 -0.398525
1403638549.827830 1.531108 7.941760 1.077123 0.592621 0.575741 0.397994 -0.398653
1403638549.927830 1.508935 8.080251 1.116563 0.593468 0.576544 0.397575 -0.396645
1403638550.027829 1.488684 8.222236 1.163223 0.594472 0.575891 0.396384 -0.397282
1403638550.127830 1.468098 8.365859 1.217728 0.595378 0.575391 0.394679 -0.398346
1403638550.227829 1.450343 8.509597 1.279088 0.595178 0.576119 0.394113 -0.398151
1403638550.327830 1.432801 8.654368 1.347780 0.594314 0.576917 0.394965 -0.397442
1403638550.427830 1.417425 8.799556 1.411969 0.593846 0.576022 0.394782 -0.399617
1403638550.527829 1.403033 8.944612 1.469992 0.595112 0.574492 0.392559 -0.402117
1403638550.627830 1.391481 9.090740 1.519774 0.594404 0.571378 0.393414 -0.406738
1403638550.727829 1.383260 9.234731 1.567047 0.593205 0.568478 0.395046 -0.410949
1403638550.827830 1.379553 9.377428 1.607434 0.590969 0.565722 0.398700 -0.414431
1403638550.927830 1.379743 9.516758 1.644766 0.586491 0.560916 0.405479 -0.420699
1403638551.027829 1.381056 9.652145 1.674339 0.583380 0.557095 0.409815 -0.425869
1403638551.127830 1.385512 9.778835 1.705747 0.582507 0.554718 0.410954 -0.429059
1403638551.227829 1.393366 9.897133 1.737167 0.582948 0.552683 0.409225 -0.432722
1403638551.327830 1.408144 10.005784 1.777666 0.587364 0.551783 0.406979 -0.430008
1403638551.427830 1.426566 10.115857 1.816665 0.597895 0.545190 0.406710 -0.424118
1403638551.527829 1.453685 10.218943 1.853494 0.612555 0.532427 0.409261 -0.416897
1403638551.627830 1.485698 10.331594 1.886719 0.629048 0.514456 0.413454 -0.410719
1403638551.727829 1.527413 10.431242 1.914207 0.644279 0.496003 0.420294 -0.402788
1403638551.827830 1.578181 10.532925 1.936518 0.657725 0.478099 0.429281 -0.393112
1403638551.927830 1.636574 10.624452 1.957043 0.664497 0.467234 0.441531 -0.381033
1403638552.027829 1.701521 10.708555 1.983689 0.666287 0.460953 0.454351 -0.370337
1403638552.127830 1.769992 10.781761 2.015544 0.669300 0.457081 0.460043 -0.362595
1403638552.227829 1.841539 10.847245 2.052126 0.674241 0.455006 0.458547 -0.357916
1403638552.327830 1.915902 10.905322 2.090796 0.676901 0.453742 0.457488 -0.355849
1403638552.427830 1.995184 10.962041 2.126370 0.675359 0.448753 0.460154 -0.361620
1403638552.527829 2.075988 11.001813 2.156131 0.671783 0.443994 0.464515 -0.368514
1403638552.627830 2.161367 11.038721 2.180434 0.668268 0.442574 0.468125 -0.372028
1403638552.727829 2.250109 11.066458 2.197909 0.667451 0.444499 0.467600 -0.371861
1403638552.827830 2.342278 11.085905 2.210567 0.666223 0.447625 0.467341 -0.370636
1403638552.927830 2.438250 11.102334 2.217815 0.664736 0.453346 0.467061 -0.366685
1403638553.027829 2.536208 11.110086 2.221644 0.662374 0.459413 0.468224 -0.361893
1403638553.127830 2.634655 11.115588 2.221350 0.659394 0.461831 0.469694 -0.362353
1403638553.227829 2.733581 11.113869 2.219623 0.654259 0.458203 0.474010 -0.370554
1403638553.327830 2.833152 11.105466 2.220695 0.648377 0.456747 0.479640 -0.375414
1403638553.427830 2.931758 11.086580 2.227349 0.643118 0.459605 0.485607 -0.373293
1403638553.527829 3.028996 11.057498 2.240053 0.638613 0.463048 0.490670 -0.370139
1403638553.627830 3.121984 11.012887 2.256601 0.635617 0.465729 0.494213 -0.367207
1403638553.727829 3.212251 10.958549 2.280701 0.635240 0.467733 0.493965 -0.365642
1403638553.827830 3.299782 10.896040 2.311573 0.636585 0.469707 0.491979 -0.363442
1403638553.927830 3.378324 10.822112 2.345833 0.638433 0.470984 0.489967 -0.361261
1403638554.027829 3.462109 10.749591 2.381818 0.643035 0.470800 0.483767 -0.361694
1403638554.127830 3.533257 10.662289 2.407521 0.644822 0.472515 0.481473 -0.359330
1403638554.227829 3.614520 10.584302 2.433895 0.649888 0.478782 0.474515 -0.351067
1403638554.327830 3.682365 10.492300 2.448037 0.654399 0.484106 0.468086 -0.343946
1403638554.427830 3.758621 10.413107 2.465845 0.656815 0.487180 0.464189 -0.340262
1403638554.527829 3.827652 10.332130 2.478422 0.657576 0.488569 0.462797 -0.338692
1403638554.627830 3.892819 10.250934 2.487426 0.659364 0.487142 0.459688 -0.341496
1403638554.727829 3.954631 10.164893 2.498625 0.660231 0.483430 0.458106 -0.347174
1403638554.827830 4.017831 10.085254 2.516728 0.661053 0.480775 0.456272 -0.351682
1403638554.927830 4.080945 10.002831 2.537123 0.661312 0.478220 0.455994 -0.355023
1403638555.027829 4.145398 9.920190 2.553970 0.663079 0.473930 0.457641 -0.355360
1403638555.127830 4.214466 9.842667 2.567550 0.667701 0.469100 0.460669 -0.349147
1403638555.227829 4.282369 9.757258 2.572299 0.674561 0.460824 0.463552 -0.343116
1403638555.327830 4.353625 9.676892 2.576943 0.679847 0.453994 0.466913 -0.337179
1403638555.427830 4.427268 9.592555 2.577538 0.682050 0.451149 0.471929 -0.329476
1403638555.527829 4.499444 9.508469 2.572781 0.684146 0.447558 0.474349 -0.326541
1403638555.627830 4.572043 9.424368 2.570040 0.685203 0.446102 0.475798 -0.324201
1403638555.727829 4.643474 9.339041 2.575006 0.686692 0.444778 0.474687 -0.324497
1403638555.827830 4.714017 9.253002 2.589832 0.687029 0.445943 0.474129 -0.322997
1403638555.927830 4.783952 9.166316 2.608014 0.686719 0.447476 0.474085 -0.321598
1403638556.027829 4.855159 9.088100 2.633714 0.685568 0.448856 0.475105 -0.320625
1403638556.127830 4.926357 9.007908 2.659042 0.687552 0.449952 0.472041 -0.319361
1403638556.227829 4.997969 8.933465 2.677584 0.692167 0.451208 0.465521 -0.317185
1403638556.327830 5.070446 8.857444 2.691450 0.694757 0.451844 0.461696 -0.316207
1403638556.427830 5.143551 8.793200 2.703426 0.696764 0.452560 0.458711 -0.315109
1403638556.527829 5.220524 8.726617 2.713790 0.700288 0.453902 0.453905 -0.312314
1403638556.627830 5.296786 8.674266 2.724815 0.703445 0.450113 0.449881 -0.316498
1403638556.727829 5.376070 8.628146 2.739277 0.703097 0.444010 0.451172 -0.323965
1403638556.827830 5.461451 8.574899 2.762348 0.700271 0.439632 0.455318 -0.330199
1403638556.927830 5.550746 8.532733 2.791063 0.698998 0.436192 0.457183 -0.334846
1403638557.027829 5.646612 8.488551 2.818101 0.697743 0.435579 0.458810 -0.336035
1403638557.127830 5.748422 8.442858 2.838061 0.695966 0.437856 0.461079 -0.333647
1403638557.227829 5.853631 8.390960 2.852009 0.694577 0.438937 0.462849 -0.332668
1403638557.327830 5.961218 8.346558 2.859436 0.693718 0.440209 0.463763 -0.331506
1403638557.427830 6.071663 8.300309 2.866360 0.691691 0.443179 0.466331 -0.328165
1403638557.527829 6.183747 8.254912 2.878057 0.688928 0.447546 0.470239 -0.322422
1403638557.627830 6.294768 8.209107 2.895448 0.686725 0.450030 0.473349 -0.319096
1403638557.727829 6.404431 8.165962 2.917500 0.686065 0.450740 0.474404 -0.317944
1403638557.827830 6.512592 8.123447 2.937821 0.685815 0.451523 0.475352 -0.315950
1403638557.927830 6.620140 8.080749 2.951795 0.686083 0.453237 0.475176 -0.313168
1403638558.027829 6.726604 8.038917 2.958639 0.688745 0.454312 0.471325 -0.311584
1403638558.127830 6.832593 7.997644 2.961179 0.693807 0.455266 0.464229 -0.309607
1403638558.227829 6.939905 7.960131 2.965007 0.700002 0.456614 0.455423 -0.306742
1403638558.327830 7.048840 7.928805 2.976656 0.701678 0.458995 0.453182 -0.302652
1403638558.427830 7.157849 7.904757 2.999176 0.704056 0.462602 0.449826 -0.296583
1403638558.527829 7.266937 7.888819 3.028255 0.707234 0.464161 0.445430 -0.293200
1403638558.627830 7.378645 7.882455 3.064318 0.708500 0.460217 0.444276 -0.298073
1403638558.727829 7.493837 7.884959 3.103472 0.709068 0.452369 0.444300 -0.308516
1403638558.827830 7.609505 7.894936 3.138688 0.708594 0.448073 0.445642 -0.313893
1403638558.927830 7.732513 7.907387 3.165283 0.705462 0.447458 0.450630 -0.314703
1403638559.027829 7.856931 7.924951 3.184727 0.700346 0.447325 0.458250 -0.315315
1403638559.127830 7.981908 7.946216 3.196638 0.696567 0.447049 0.463544 -0.316336
1403638559.227829 8.106533 7.970070 3.201906 0.693281 0.448603 0.467629 -0.315340
1403638559.327830 8.229944 7.995527 3.200272 0.690918 0.450664 0.470349 -0.313536
1403638559.427830 8.351532 8.021621 3.192893 0.688255 0.454333 0.473475 -0.309366
1403638559.527829 8.468489 8.048782 3.181213 0.686361 0.455774 0.475752 -0.307958
1403638559.627830 8.582595 8.077122 3.165219 0.684652 0.456337 0.477513 -0.308205
1403638559.727829 8.694116 8.106743 3.149249 0.683733 0.456903 0.478051 -0.308572
1403638559.827830 8.802038 8.137931 3.138334 0.684292 0.456925 0.476417 -0.309825
1403638559.927830 8.907606 8.171444 3.132541 0.685388 0.454391 0.477130 -0.310033
1403638560.027829 9.014093 8.204643 3.122160 0.691270 0.444967 0.479498 -0.306972
1403638560.127830 9.119720 8.237452 3.104989 0.700347 0.429271 0.485240 -0.299640
1403638560.227829 9.224886 8.270812 3.081662 0.711039 0.409734 0.493542 -0.288022
1403638560.327830 9.328936 8.303322 3.056756 0.720193 0.386913 0.505327 -0.276161
1403638560.427830 9.429669 8.334085 3.029608 0.728387 0.362274 0.518043 -0.264276
1403638560.527829 9.525763 8.362957 2.997977 0.736606 0.336746 0.529791 -0.251665
1403638560.627830 9.617482 8.387486 2.962141 0.747009 0.308791 0.536968 -0.241435
1403638560.727829 9.705144 8.406601 2.925476 0.757298 0.281258 0.540893 -0.234156
1403638560.827830 9.790205 8.418261 2.894909 0.764711 0.258191 0.546361 -0.223705
1403638560.927830 9.875004 8.423945 2.871532 0.770457 0.235536 0.552629 -0.213353
1403638561.027829 9.959461 8.421646 2.856603 0.772938 0.215779 0.562009 -0.200379
1403638561.127830 10.040333 8.410898 2.848359 0.775382 0.196525 0.569682 -0.188738
1403638561.227829 10.116697 8.392193 2.846570 0.776474 0.180970 0.576261 -0.179612
1403638561.327830 10.188522 8.366778 2.851400 0.778033 0.171097 0.579066 -0.173418
1403638561.427830 10.254580 8.333204 2.854284 0.784107 0.171545 0.574167 -0.161494
1403638561.527829 10.316046 8.292631 2.852781 0.788571 0.176568 0.569876 -0.149068
1403638561.627830 10.375261 8.250060 2.844455 0.791309 0.180383 0.566580 -0.142405
1403638561.727829 10.429269 8.205391 2.832052 0.792125 0.182847 0.565004 -0.140977
1403638561.827830 10.481314 8.161153 2.813505 0.791597 0.184820 0.565452 -0.139567
1403638561.927830 10.531080 8.113241 2.791023 0.791541 0.183677 0.566912 -0.135415
1403638562.027829 10.578106 8.066168 2.764455 0.792932 0.176228 0.568623 -0.129889
1403638562.127830 10.622597 8.015339 2.745601 0.794916 0.166477 0.570418 -0.122545
1403638562.227829 10.664267 7.965860 2.731299 0.796253 0.158296 0.572332 -0.115587
1403638562.327830 10.703124 7.918646 2.723731 0.797433 0.148446 0.574516 -0.109522
1403638562.427830 10.739146 7.870280 2.720126 0.798859 0.134607 0.577215 -0.102605
1403638562.527829 10.773592 7.821247 2.722613 0.801840 0.116831 0.578478 -0.093636
1403638562.627830 10.805148 7.772052 2.731379 0.803876 0.094333 0.581098 -0.084909
1403638562.727829 10.832912 7.721389 2.743774 0.806364 0.069368 0.582418 -0.075861
1403638562.827830 10.857375 7.667268 2.754346 0.808050 0.043832 0.583931 -0.064495
1403638562.927830 10.875913 7.609526 2.759350 0.809427 0.019837 0.584694 -0.050665
1403638563.027829 10.890680 7.548787 2.758882 0.809580 -0.003043 0.585741 -0.038454
1403638563.127830 10.900929 7.484748 2.753563 0.809903 -0.027149 0.585098 -0.031302
1403638563.227829 10.907296 7.415298 2.744436 0.808151 -0.042937 0.587133 -0.017972
1403638563.327830 10.908726 7.341461 2.730812 0.803552 -0.053748 0.592747 -0.008119
1403638563.427830 10.903834 7.263520 2.712790 0.794920 -0.061934 0.603531 -0.004221
1403638563.527829 10.892131 7.181322 2.689467 0.792723 -0.064541 0.606156 -0.000658
1403638563.627830 10.873398 7.094047 2.669675 0.795410 -0.063673 0.602711 0.002918
1403638563.727829 10.847088 7.001793 2.656911 0.798289 -0.064221 0.598841 0.000434
1403638563.827830 10.815830 6.904264 2.651169 0.799684 -0.064189 0.596971 -0.003360
1403638563.927830 10.778805 6.802419 2.654705 0.799112 -0.062995 0.597835 -0.006703
1403638564.027829 10.737138 6.694141 2.659544 0.798751 -0.060709 0.598498 -0.010591
1403638564.127830 10.687361 6.582019 2.659520 0.798608 -0.057340 0.598953 -0.013862
1403638564.227829 10.632558 6.463699 2.655382 0.797893 -0.051860 0.600394 -0.014278
1403638564.327830 10.575789 6.336151 2.653148 0.796875 -0.045326 0.602312 -0.012478
1403638564.427830 10.508675 6.209171 2.657782 0.794918 -0.041391 0.605167 -0.012808
1403638564.527829 10.437073 6.077311 2.669314 0.794975 -0.039067 0.605220 -0.014011
1403638564.627830 10.353948 5.943250 2.681419 0.797113 -0.039909 0.602236 -0.018153
1403638564.727829 10.267743 5.807589 2.691729 0.798528 -0.043207 0.599964 -0.023017
1403638564.827830 10.173311 5.665389 2.692899 0.798736 -0.046260 0.599346 -0.025796
1403638564.927830 10.077104 5.518178 2.684718 0.797927 -0.048740 0.600127 -0.028010
1403638565.027829 9.973021 5.364066 2.653200 0.797888 -0.049616 0.600046 -0.029301
1403638565.127830 9.866485 5.204831 2.611897 0.798547 -0.050275 0.599067 -0.030222
1403638565.227829 9.758314 5.038594 2.557806 0.799401 -0.049881 0.597979 -0.029862
1403638565.327830 9.645918 4.865676 2.499318 0.800298 -0.049017 0.596960 -0.027536
1403638565.427830 9.529712 4.688273 2.438576 0.801157 -0.047717 0.596015 -0.025235
1403638565.527829 9.410163 4.504978 2.380986 0.799089 -0.046034 0.599123 -0.019759
1403638565.627830 9.288208 4.320037 2.331268 0.797511 -0.042565 0.601695 -0.011261
1403638565.727829 9.162446 4.134316 2.289201 0.798598 -0.036224 0.600772 0.000905
1403638565.827830 9.031148 3.951055 2.254182 0.801551 -0.033687 0.596933 0.007193
1403638565.927830 8.893660 3.770247 2.225495 0.803889 -0.031716 0.593785 0.013249
1403638566.027829 8.753143 3.592670 2.195074 0.805063 -0.032704 0.592121 0.014035
1403638566.127830 8.609956 3.418640 2.156967 0.805199 -0.033107 0.591903 0.014465
1403638566.227829 8.465673 3.248465 2.109475 0.804880 -0.032920 0.592338 0.014835
1403638566.327830 8.322380 3.080946 2.054253 0.805903 -0.032842 0.590966 0.014195
1403638566.427830 8.178916 2.916540 1.991688 0.805779 -0.031582 0.591213 0.013772
1403638566.527829 8.037475 2.757190 1.923211 0.806113 -0.030950 0.590835 0.011735
1403638566.627830 7.896845 2.603051 1.847516 0.812731 -0.029824 0.581792 0.009860
1403638566.727829 7.758363 2.453409 1.764990 0.825009 -0.028794 0.564317 0.008788
1403638566.827830 7.625983 2.304237 1.678869 0.834665 -0.025653 0.550084 0.009181
1403638566.927830 7.500238 2.158296 1.590807 0.840838 -0.023039 0.540724 0.008900
1403638567.027829 7.384758 2.017163 1.501253 0.840662 -0.021745 0.541069 0.007722
1403638567.127830 7.276514 1.878449 1.414407 0.828066 -0.019241 0.560221 0.009433
1403638567.227829 7.172413 1.740881 1.322452 0.816739 -0.017633 0.576632 0.011032
1403638567.327830 7.069551 1.608358 1.224850 0.811089 -0.016393 0.584521 0.014191
1403638567.427830 6.965523 1.479101 1.126906 0.810611 -0.016672 0.585116 0.016441
1403638567.527829 6.860577 1.352752 1.033889 0.813148 -0.017789 0.581504 0.018079
1403638567.627830 6.754560 1.230279 0.949945 0.817003 -0.018872 0.575971 0.020171
1403638567.727829 6.652339 1.113507 0.876197 0.820183 -0.019497 0.571314 0.022779
1403638567.827830 6.554279 1.001467 0.811834 0.824204 -0.019868 0.565404 0.024705
1403638567.927830 6.463808 0.894758 0.755166 0.825760 -0.022438 0.563132 0.022359
1403638568.027829 6.377998 0.793723 0.705691 0.826433 -0.022542 0.562090 0.023569
1403638568.127830 6.297071 0.696778 0.666763 0.825586 -0.021042 0.563269 0.026325
1403638568.227829 6.220840 0.606155 0.636495 0.824902 -0.019969 0.564207 0.028435
1403638568.327830 6.148581 0.519773 0.610254 0.825073 -0.019948 0.563916 0.029231
1403638568.427830 6.077643 0.438981 0.578072 0.826329 -0.020387 0.562050 0.029392
1403638568.527829 6.013085 0.360556 0.544117 0.827123 -0.019843 0.560866 0.030056
1403638568.627830 5.950980 0.287795 0.503960 0.828754 -0.019469 0.558431 0.030701
1403638568.727829 5.893378 0.217977 0.465832 0.830124 -0.017778 0.556360 0.032265
1403638568.827830 5.839438 0.154520 0.433901 0.830089 -0.018782 0.556494 0.030227
1403638568.927830 5.791438 0.097781 0.408138 0.830048 -0.018142 0.556519 0.031278
1403638569.027829 5.746149 0.043825 0.392294 0.829191 -0.018155 0.557797 0.031222
1403638569.127830 5.707195 -0.003365 0.381553 0.829297 -0.016975 0.557582 0.032867
1403638569.227829 5.669517 -0.048025 0.377815 0.830817 -0.016025 0.555227 0.034778
1403638569.327830 5.638462 -0.084908 0.368993 0.831529 -0.015834 0.554092 0.035931
1403638569.427830 5.609580 -0.120315 0.357361 0.830561 -0.015261 0.555501 0.036799
1403638569.527829 5.588825 -0.147338 0.338720 0.829344 -0.014974 0.557320 0.036860
1403638569.627830 5.572478 -0.169078 0.321192 0.827956 -0.015587 0.559394 0.036399
1403638569.727829 5.560818 -0.185081 0.310758 0.827061 -0.015257 0.560674 0.037187
1403638569.827830 5.552291 -0.193586 0.307436 0.826437 -0.014811 0.561607 0.037161
1403638569.927830 5.547858 -0.197511 0.309288 0.824624 -0.014146 0.564209 0.038245
1403638570.027829 5.547156 -0.195370 0.312094 0.823465 -0.015368 0.566013 0.036051
1403638570.127830 5.548670 -0.188121 0.310331 0.823643 -0.017694 0.565900 0.032515
1403638570.227829 5.551526 -0.178059 0.302405 0.823230 -0.021050 0.566701 0.026423
1403638570.327830 5.556231 -0.166113 0.288871 0.822997 -0.027372 0.567113 0.017607
1403638570.427830 5.562564 -0.153619 0.271060 0.822765 -0.037514 0.566971 0.013939
1403638570.527829 5.571236 -0.144645 0.246359 0.821717 -0.059449 0.566735 0.007668
1403638570.627830 5.574747 -0.142041 0.216825 0.818229 -0.088599 0.568014 0.003554
1403638570.727829 5.580218 -0.149077 0.184071 0.810516 -0.116163 0.574011 0.009023
1403638570.827830 5.580770 -0.165556 0.149826 0.798203 -0.143260 0.584815 0.018440
1403638570.927830 5.574879 -0.192745 0.112384 0.788542 -0.166114 0.591228 0.032522
1403638571.027829 5.562319 -0.230917 0.071672 0.781926 -0.187255 0.592669 0.047653
1403638571.127830 5.540123 -0.278616 0.027963 0.783173 -0.203148 0.583762 0.067778
1403638571.227829 5.512225 -0.335145 -0.009344 0.785646 -0.211810 0.574394 0.089267
1403638571.327830 5.477264 -0.396949 -0.036757 0.786117 -0.216550 0.568828 0.107520
1403638571.427830 5.435872 -0.461359 -0.053626 0.783996 -0.222553 0.567907 0.115336
1403638571.527829 5.388817 -0.529103 -0.063137 0.780941 -0.225878 0.569567 0.121258
1403638571.627830 5.336759 -0.599452 -0.074110 0.779642 -0.232738 0.567138 0.127849
1403638571.727829 5.281697 -0.672881 -0.090133 0.779609 -0.244360 0.560651 0.134789
1403638571.827830 5.223248 -0.749268 -0.111032 0.778247 -0.259664 0.553584 0.143004
1403638571.927830 5.162520 -0.829092 -0.132701 0.773490 -0.278933 0.548922 0.150316
1403638572.027829 5.099262 -0.913197 -0.147658 0.767064 -0.298435 0.545181 0.159144
1403638572.127830 5.032872 -1.001357 -0.154226 0.759743 -0.316438 0.541957 0.170117
1403638572.227829 4.961964 -1.092181 -0.152647 0.754240 -0.331265 0.535277 0.186720
1403638572.327830 4.889758 -1.185647 -0.149874 0.749997 -0.349089 0.525000 0.200041
1403638572.427830 4.817524 -1.283374 -0.150983 0.745237 -0.365817 0.514921 0.213673
1403638572.527829 4.745758 -1.384130 -0.154072 0.741791 -0.376398 0.506804 0.226319
1403638572.627830 4.675920 -1.488550 -0.157637 0.738578 -0.382962 0.502693 0.234825
1403638572.727829 4.607828 -1.596768 -0.156610 0.738271 -0.385515 0.497810 0.241907
1403638572.827830 4.543108 -1.708719 -0.146984 0.740404 -0.384634 0.492452 0.247690
1403638572.927830 4.483032 -1.824075 -0.130093 0.742289 -0.384038 0.489389 0.249041
1403638573.027829 4.426967 -1.942605 -0.113433 0.744753 -0.382863 0.486379 0.249388
1403638573.127830 4.375867 -2.063511 -0.102731 0.746961 -0.381259 0.484903 0.248112
1403638573.227829 4.328873 -2.186721 -0.096425 0.747881 -0.379495 0.485663 0.246554
1403638573.327830 4.287974 -2.312366 -0.089679 0.748927 -0.377431 0.486415 0.245063
1403638573.427830 4.248793 -2.442029 -0.083082 0.749991 -0.377781 0.484009 0.246027
1403638573.527829 4.219237 -2.573504 -0.068372 0.749807 -0.377851 0.482695 0.249045
1403638573.627830 4.190970 -2.708177 -0.046189 0.749433 -0.378253 0.482316 0.250292
1403638573.727829 4.168769 -2.843129 -0.018368 0.748773 -0.380172 0.479539 0.254660
1403638573.827830 4.153557 -2.980801 0.012295 0.741661 -0.384298 0.481409 0.265516
1403638573.927830 4.143968 -3.119069 0.038542 0.729215 -0.393088 0.485269 0.279717
1403638574.027829 4.138597 -3.254640 0.058391 0.711013 -0.411446 0.492464 0.287493
1403638574.127830 4.133929 -3.386436 0.072628 0.689580 -0.434540 0.499699 0.293181
1403638574.227829 4.127302 -3.514489 0.081876 0.668566 -0.458356 0.502604 0.300530
1403638574.327830 4.116969 -3.637924 0.086582 0.652978 -0.479762 0.496474 0.311386
1403638574.427830 4.099427 -3.760127 0.088178 0.641223 -0.498210 0.484540 0.325332
1403638574.527829 4.077569 -3.879361 0.088241 0.630075 -0.515344 0.473051 0.337117
1403638574.627830 4.052535 -3.995543 0.094478 0.620559 -0.526021 0.466032 0.347883
1403638574.727829 4.024612 -4.111207 0.107600 0.617647 -0.530198 0.455718 0.360170
1403638574.827830 3.995734 -4.222831 0.126739 0.619768 -0.532992 0.444093 0.366864
1403638574.927830 3.965986 -4.332910 0.144149 0.622055 -0.537643 0.436287 0.365569
1403638575.027829 3.935566 -4.441374 0.155505 0.622934 -0.541321 0.433775 0.361614
1403638575.127830 3.904200 -4.548082 0.160479 0.620462 -0.545976 0.437571 0.354214
1403638575.227829 3.870622 -4.655049 0.161985 0.618379 -0.547773 0.441797 0.349810
1403638575.327830 3.833871 -4.764990 0.157483 0.619061 -0.548231 0.443150 0.346157
1403638575.427830 3.794505 -4.875772 0.149658 0.624214 -0.547832 0.439081 0.342702
1403638575.527829 3.751619 -4.991536 0.139208 0.628984 -0.545604 0.436208 0.341200
1403638575.627830 3.706091 -5.112891 0.133626 0.635772 -0.541019 0.430373 0.343325
1403638575.727829 3.660276 -5.239351 0.134037 0.642013 -0.536422 0.424910 0.345720
1403638575.827830 3.616346 -5.365647 0.143130 0.647891 -0.533816 0.418576 0.346515
1403638575.927830 3.575633 -5.497845 0.164315 0.649765 -0.532674 0.417915 0.345559
1403638576.027829 3.539841 -5.631061 0.194854 0.650152 -0.531408 0.418766 0.345749
1403638576.127830 3.505910 -5.768939 0.231720 0.649901 -0.530701 0.419413 0.346522
1403638576.227829 3.474727 -5.915324 0.269569 0.649036 -0.529020 0.420902 0.348901
1403638576.327830 3.447124 -6.066664 0.301076 0.650096 -0.525867 0.419260 0.353639
1403638576.427830 3.423655 -6.221988 0.325939 0.652210 -0.523757 0.415756 0.356999
1403638576.527829 3.406268 -6.379456 0.345429 0.655971 -0.520068 0.409730 0.362425
1403638576.627830 3.396395 -6.539056 0.359928 0.658739 -0.517754 0.404962 0.366058
1403638576.727829 3.396101 -6.700603 0.369731 0.658011 -0.515312 0.406296 0.369321
1403638576.827830 3.403937 -6.863909 0.374977 0.653928 -0.511902 0.412685 0.374200
1403638576.927830 3.418500 -7.026786 0.375104 0.648307 -0.512165 0.421050 0.374302
1403638577.027829 3.439346 -7.187591 0.372057 0.643559 -0.515167 0.428217 0.370222
1403638577.127830 3.463988 -7.346806 0.373783 0.639883 -0.517838 0.433258 0.366989
1403638577.227829 3.491809 -7.503123 0.382659 0.638272 -0.519642 0.435369 0.364739
1403638577.327830 3.522510 -7.659572 0.399085 0.640648 -0.516793 0.431992 0.368616
1403638577.427830 3.556126 -7.813527 0.423283 0.645284 -0.511840 0.425653 0.374763
1403638577.527829 3.595240 -7.964864 0.449174 0.645915 -0.511274 0.425006 0.375183
1403638577.627830 3.639357 -8.113203 0.469593 0.645043 -0.513205 0.426462 0.372386
1403638577.727829 3.687662 -8.259480 0.483090 0.644836 -0.514656 0.427065 0.370043
1403638577.827830 3.739973 -8.404826 0.489212 0.644564 -0.515842 0.428075 0.367690
1403638577.927830 3.795567 -8.549378 0.490912 0.644817 -0.515089 0.428680 0.367598
1403638578.027829 3.854880 -8.692881 0.494090 0.645031 -0.513646 0.429309 0.368506
1403638578.127830 3.918632 -8.835722 0.505635 0.643556 -0.514409 0.432811 0.365914
1403638578.227829 3.985405 -8.978395 0.521642 0.638473 -0.519516 0.440873 0.357893
1403638578.327830 4.052257 -9.119280 0.541043 0.635087 -0.523509 0.445839 0.351896
1403638578.427830 4.116409 -9.254907 0.556267 0.634447 -0.523967 0.446288 0.351799
1403638578.527829 4.179130 -9.392709 0.564884 0.633880 -0.524512 0.446414 0.351850
1403638578.627830 4.240319 -9.532423 0.570176 0.633038 -0.524388 0.446858 0.352985
1403638578.727829 4.299757 -9.668794 0.571927 0.634556 -0.522043 0.444278 0.356969
1403638578.827830 4.356355 -9.798794 0.569513 0.638214 -0.518375 0.439056 0.362215
1403638578.927830 4.414294 -9.929131 0.564602 0.639415 -0.515523 0.437194 0.366395
1403638579.027829 4.474348 -10.056850 0.563699 0.640519 -0.513411 0.436540 0.368210
1403638579.127830 4.539650 -10.188389 0.572163 0.640794 -0.512413 0.436969 0.368611
1403638579.227829 4.603812 -10.309967 0.587043 0.640734 -0.512124 0.437554 0.368423
1403638579.327830 4.670106 -10.424722 0.606191 0.639121 -0.513763 0.440591 0.365310
1403638579.427830 4.738141 -10.539700 0.625546 0.634531 -0.519021 0.447259 0.357696
1403638579.527829 4.804367 -10.645164 0.639027 0.631297 -0.521318 0.452984 0.352842
1403638579.627830 4.872063 -10.755086 0.648162 0.628885 -0.513245 0.463887 0.354812
1403638579.727829 4.939289 -10.867421 0.651778 0.634586 -0.497102 0.472719 0.355987
1403638579.827830 5.005137 -10.974051 0.648837 0.649887 -0.477052 0.477429 0.349472
1403638579.927830 5.063857 -11.063443 0.637932 0.670616 -0.453812 0.481781 0.334987
1403638580.027829 5.122291 -11.147005 0.624950 0.688069 -0.423866 0.495407 0.318543
1403638580.127830 5.183999 -11.227950 0.610862 0.700984 -0.387381 0.517237 0.301701
1403638580.227829 5.243870 -11.300072 0.591645 0.716691 -0.350615 0.534830 0.278170
1403638580.327830 5.300535 -11.364224 0.566598 0.734114 -0.319000 0.545182 0.249184
1403638580.427830 5.352492 -11.422839 0.535651 0.747766 -0.298492 0.551178 0.218978
1403638580.527829 5.400163 -11.479846 0.501835 0.756322 -0.284144 0.555090 0.197775
1403638580.627830 5.444220 -11.533163 0.467816 0.764535 -0.270377 0.556206 0.181707
1403638580.727829 5.484112 -11.584018 0.436612 0.775400 -0.254641 0.552855 0.168123
1403638580.827830 5.519215 -11.633595 0.413800 0.783469 -0.241668 0.549402 0.161029
1403638580.927830 5.551120 -11.681752 0.399781 0.787711 -0.233434 0.548078 0.156940
1403638581.027829 5.588882 -11.741608 0.399272 0.788897 -0.231737 0.548308 0.152634
1403638581.127830 5.621797 -11.790978 0.405007 0.789356 -0.229925 0.548123 0.153665
1403638581.227829 5.654494 -11.834766 0.421032 0.789475 -0.229549 0.547298 0.156533
1403638581.327830 5.682955 -11.877866 0.431999 0.789088 -0.230145 0.546485 0.160397
1403638581.427830 5.709211 -11.910175 0.453006 0.787185 -0.231352 0.547656 0.163978
1403638581.527829 5.737410 -11.948686 0.469898 0.785917 -0.233617 0.547747 0.166526
1403638581.627830 5.761973 -11.971610 0.502319 0.783465 -0.234921 0.549410 0.170714
1403638581.727829 5.789248 -12.001052 0.521571 0.778812 -0.234759 0.554623 0.175312
1403638581.827830 5.811627 -12.015004 0.544671 0.777054 -0.236320 0.555803 0.177267
1403638581.927830 5.840001 -12.040414 0.550898 0.770338 -0.235753 0.564304 0.180448
1403638582.027829 5.867069 -12.057353 0.561733 0.766851 -0.235224 0.568484 0.182852
1403638582.127830 5.896464 -12.079050 0.571230 0.773216 -0.237654 0.559426 0.180835
1403638582.227829 5.919128 -12.093752 0.588312 0.779274 -0.240019 0.550863 0.177969
1403638582.327830 5.941810 -12.106882 0.616742 0.777788 -0.238205 0.553071 0.180047
1403638582.427830 5.968181 -12.120858 0.653885 0.775332 -0.236712 0.556638 0.181607
1403638582.527829 5.994166 -12.128501 0.703050 0.774210 -0.235743 0.558253 0.182695
1403638582.627830 6.017692 -12.133371 0.757578 0.774079 -0.235200 0.558483 0.183246
1403638582.727829 6.039058 -12.130163 0.824142 0.776645 -0.236147 0.554787 0.182399
1403638582.827830 6.062190 -12.128215 0.892026 0.777986 -0.237051 0.552706 0.181830
1403638582.927830 6.084908 -12.120547 0.962303 0.779247 -0.238209 0.550519 0.181548
1403638583.027829 6.105670 -12.108632 1.023994 0.781971 -0.239813 0.546241 0.180640
1403638583.127830 6.126511 -12.094484 1.077702 0.784022 -0.240991 0.542945 0.180120
1403638583.227829 6.149689 -12.078973 1.124661 0.785039 -0.242451 0.541125 0.179204
1403638583.327830 6.173184 -12.061383 1.166390 0.784930 -0.242300 0.541201 0.179661
1403638583.427830 6.198123 -12.042203 1.203580 0.785251 -0.242537 0.540732 0.179345
1403638583.527829 6.225494 -12.021895 1.243430 0.785830 -0.242610 0.539958 0.179045
1403638583.627830 6.254153 -11.999651 1.291987 0.785732 -0.242036 0.540090 0.179851
1403638583.727829 6.283298 -11.974580 1.345323 0.785627 -0.241261 0.540173 0.181094
1403638583.827830 6.314248 -11.947932 1.394887 0.785462 -0.240690 0.540482 0.181651
1403638583.927830 6.346962 -11.919237 1.437690 0.784643 -0.240660 0.541778 0.181372
1403638584.027829 6.380595 -11.888144 1.474067 0.783956 -0.239870 0.542759 0.182450
1403638584.127830 6.418802 -11.847511 1.470476 0.777037 -0.236334 0.552662 0.186881
1403638584.227829 6.454658 -11.801691 1.478837 0.767306 -0.232657 0.566131 0.191333
1403638584.327830 6.485160 -11.754419 1.488259 0.761486 -0.231269 0.574021 0.192755
1403638584.427830 6.507647 -11.696578 1.474859 0.760469 -0.231178 0.575418 0.192710
1403638584.527829 6.513533 -11.631647 1.451716 0.759965 -0.231338 0.576232 0.192071
1403638584.627830 6.526860 -11.566847 1.458268 0.761172 -0.231133 0.574835 0.191727
1403638584.727829 6.537109 -11.495786 1.473818 0.764834 -0.232292 0.570208 0.189558
1403638584.827830 6.528765 -11.419618 1.459556 0.772915 -0.235371 0.559504 0.184817
1403638584.927830 6.530719 -11.340606 1.480573 0.778988 -0.239488 0.550951 0.179657
1403638585.027829 6.519662 -11.258412 1.468429 0.781698 -0.240730 0.547145 0.177846
1403638585.127830 6.509033 -11.182010 1.454051 0.781898 -0.241799 0.546854 0.176408
1403638585.227829 6.508348 -11.102173 1.454245 0.780796 -0.241977 0.548376 0.176316
1403638585.327830 6.504169 -11.026076 1.445740 0.778444 -0.240865 0.551871 0.177333
1403638585.427830 6.505119 -10.945078 1.438509 0.777888 -0.240664 0.552822 0.177084
1403638585.527829 6.500034 -10.868309 1.428460 0.778870 -0.240453 0.551503 0.177168
1403638585.627830 6.502789 -10.787197 1.431397 0.780940 -0.240559 0.548806 0.176284
1403638585.727829 6.493049 -10.708842 1.438558 0.784893 -0.241203 0.543362 0.174703
1403638585.827830 6.500317 -10.626934 1.458584 0.789600 -0.243346 0.536441 0.171888
1403638585.927830 6.498014 -10.548678 1.485052 0.791907 -0.245838 0.532927 0.168629
1403638586.027829 6.501345 -10.469954 1.520245 0.789124 -0.246206 0.536832 0.168755
1403638586.127830 6.517341 -10.394720 1.550548 0.785405 -0.245934 0.541639 0.171122
1403638586.227829 6.522212 -10.313417 1.575089 0.782945 -0.244910 0.545064 0.172980
1403638586.327830 6.537859 -10.239024 1.593058 0.779766 -0.243119 0.549325 0.176353
1403638586.427830 6.538456 -10.155454 1.608050 0.777026 -0.238212 0.552805 0.184098
1403638586.527829 6.552487 -10.077077 1.616570 0.776011 -0.234078 0.553733 0.190775
1403638586.627830 6.551551 -9.989103 1.617530 0.776469 -0.235868 0.553217 0.188184
1403638586.727829 6.563301 -9.905253 1.613241 0.776467 -0.238453 0.553286 0.184699
1403638586.827830 6.574060 -9.819399 1.602821 0.775641 -0.240434 0.554609 0.181609
1403638586.927830 6.574707 -9.729251 1.586487 0.774972 -0.239923 0.555800 0.181498
1403638587.027829 6.582878 -9.642646 1.565170 0.774816 -0.240201 0.556171 0.180661
1403638587.127830 6.582680 -9.550536 1.545925 0.774953 -0.240753 0.556009 0.179835
1403638587.227829 6.586839 -9.458714 1.534929 0.777225 -0.240209 0.553150 0.179572
1403638587.327830 6.585916 -9.366281 1.532692 0.778779 -0.240721 0.550874 0.179151
1403638587.427830 6.589222 -9.271393 1.534155 0.779405 -0.241682 0.550033 0.177712
1403638587.527829 6.588684 -9.173941 1.535662 0.779113 -0.242703 0.550413 0.176421
1403638587.627830 6.592531 -9.078131 1.532350 0.779062 -0.243957 0.550237 0.175461
1403638587.727829 6.593368 -8.980801 1.522616 0.778884 -0.243930 0.550407 0.175754
1403638587.827830 6.597506 -8.885819 1.509324 0.778416 -0.245144 0.550757 0.175043
1403638587.927830 6.601355 -8.793398 1.489121 0.778049 -0.245616 0.551177 0.174691
1403638588.027829 6.603244 -8.698756 1.467329 0.777378 -0.245668 0.552149 0.174535
1403638588.127830 6.606092 -8.610418 1.440471 0.777738 -0.243390 0.551622 0.177757
1403638588.227829 6.606425 -8.517943 1.413107 0.778643 -0.238735 0.550301 0.184092
1403638588.327830 6.609083 -8.427836 1.387343 0.779289 -0.237798 0.549573 0.184745
1403638588.427830 6.610428 -8.326969 1.373373 0.779152 -0.237708 0.549851 0.184610
1403638588.527829 6.613925 -8.228042 1.364515 0.778900 -0.239152 0.550316 0.182410
1403638588.627830 6.616374 -8.124035 1.365090 0.778244 -0.240368 0.551456 0.180154
1403638588.727829 6.616855 -8.021858 1.371401 0.776564 -0.242319 0.553846 0.177440
1403638588.827830 6.616469 -7.915887 1.380675 0.775914 -0.243094 0.554667 0.176655
1403638588.927830 6.619763 -7.815838 1.382999 0.775726 -0.244594 0.554685 0.175349
1403638589.027829 6.616310 -7.708786 1.378030 0.775683 -0.245313 0.554451 0.175275
1403638589.127830 6.619182 -7.609230 1.367635 0.775921 -0.244881 0.553844 0.176740
1403638589.227829 6.615824 -7.501694 1.350818 0.775568 -0.244853 0.554293 0.176917
1403638589.327830 6.619919 -7.400699 1.331555 0.774957 -0.244995 0.555017 0.177130
1403638589.427830 6.614960 -7.293235 1.314081 0.775008 -0.245245 0.555024 0.176537
1403638589.527829 6.612427 -7.190559 1.303449 0.775410 -0.245258 0.554531 0.176305
1403638589.627830 6.604504 -7.081401 1.298974 0.775217 -0.245043 0.554758 0.176735
1403638589.727829 6.600144 -6.980774 1.307377 0.777021 -0.245806 0.552121 0.176009
1403638589.827830 6.590490 -6.876588 1.315361 0.777848 -0.246747 0.550659 0.175620
1403638589.927830 6.584512 -6.779920 1.323562 0.778392 -0.246723 0.549540 0.176747
1403638590.027829 6.574751 -6.673829 1.320670 0.777933 -0.248175 0.549836 0.175811
1403638590.127830 6.564866 -6.575736 1.317641 0.777429 -0.248386 0.550273 0.176378
1403638590.227829 6.554113 -6.472395 1.305903 0.776567 -0.248678 0.551224 0.176789
1403638590.327830 6.544128 -6.380358 1.294056 0.776308 -0.248816 0.551570 0.176654
1403638590.427830 6.532311 -6.276932 1.274877 0.777315 -0.249076 0.549897 0.177076
1403638590.527829 6.518081 -6.174668 1.256383 0.777352 -0.249904 0.549849 0.175892
1403638590.627830 6.504207 -6.083297 1.242465 0.779430 -0.250319 0.547031 0.174890
1403638590.727829 6.489188 -5.988348 1.238239 0.780456 -0.251712 0.545655 0.172597
1403638590.827830 6.477828 -5.896336 1.240908 0.781524 -0.251450 0.544211 0.172708
1403638590.927830 6.466198 -5.806952 1.250782 0.782075 -0.252133 0.543419 0.171706
1403638591.027829 6.454756 -5.710813 1.265712 0.782818 -0.253352 0.542138 0.170573
1403638591.127830 6.442702 -5.618412 1.280368 0.785454 -0.254125 0.538173 0.169862
1403638591.227829 6.433896 -5.526444 1.287315 0.790394 -0.255842 0.530581 0.168247
1403638591.327830 6.426406 -5.437171 1.287116 0.796031 -0.258509 0.521854 0.164854
1403638591.427830 6.425461 -5.354167 1.282867 0.799205 -0.260740 0.516646 0.162369
1403638591.527829 6.429630 -5.278015 1.273257 0.801748 -0.263121 0.512396 0.159429
1403638591.627830 6.441304 -5.212069 1.258829 0.803801 -0.264614 0.509043 0.157346
1403638591.727829 6.461243 -5.161780 1.243107 0.802708 -0.265295 0.510499 0.157067
1403638591.827830 6.487443 -5.120421 1.227357 0.800330 -0.264065 0.514433 0.158432
1403638591.927830 6.518404 -5.092673 1.216699 0.797733 -0.262602 0.518863 0.159510
1403638592.027829 6.555887 -5.066715 1.214680 0.795103 -0.261964 0.523059 0.159984
1403638592.127830 6.596956 -5.054293 1.220885 0.793606 -0.260472 0.526107 0.159862
1403638592.227829 6.642720 -5.036100 1.237406 0.788947 -0.257082 0.535883 0.155886
1403638592.327830 6.690228 -5.025480 1.264416 0.784235 -0.250293 0.547884 0.148836
1403638592.427830 6.738236 -5.016027 1.298775 0.783841 -0.238565 0.556499 0.137800
1403638592.527829 6.782359 -5.009686 1.340039 0.789095 -0.224008 0.557620 0.127313
1403638592.627830 6.822513 -5.006298 1.387198 0.796527 -0.210848 0.553677 0.120541
1403638592.727829 6.862043 -5.007009 1.437079 0.803761 -0.201414 0.547919 0.114826
1403638592.827830 6.901646 -5.011689 1.482415 0.810136 -0.195920 0.541555 0.109606
1403638592.927830 6.942231 -5.019214 1.522643 0.813639 -0.191574 0.538227 0.107713
1403638593.027829 6.985484 -5.030861 1.557806 0.815059 -0.188976 0.537194 0.106726
1403638593.127830 7.033534 -5.047213 1.588576 0.815120 -0.187906 0.537560 0.106305
1403638593.227829 7.086071 -5.067933 1.624851 0.811698 -0.185928 0.542800 0.109291
1403638593.327830 7.140707 -5.090447 1.669440 0.809063 -0.181187 0.546615 0.117473
1403638593.427830 7.195640 -5.114038 1.716165 0.804440 -0.175618 0.552942 0.127634
1403638593.527829 7.251058 -5.136276 1.756692 0.800688 -0.173714 0.557704 0.132998
1403638593.627830 7.307407 -5.155279 1.790292 0.798729 -0.173494 0.559831 0.136091
1403638593.727829 7.363679 -5.170368 1.818102 0.796796 -0.173195 0.562201 0.138017
1403638593.827830 7.421317 -5.182432 1.840644 0.790477 -0.174190 0.570989 0.137023
1403638593.927830 7.474215 -5.188504 1.869361 0.781246 -0.171972 0.585508 0.131380
1403638594.027829 7.521199 -5.190590 1.899924 0.783683 -0.169170 0.584781 0.123509
1403638594.127830 7.561332 -5.189905 1.935475 0.789622 -0.166213 0.578751 0.117971
1403638594.227829 7.597979 -5.188288 1.973304 0.794466 -0.161221 0.573544 0.117805
1403638594.327830 7.631528 -5.184411 2.004800 0.794722 -0.156956 0.574312 0.118103
1403638594.427830 7.660721 -5.177903 2.041547 0.793311 -0.150601 0.577033 0.122512
1403638594.527829 7.686867 -5.166043 2.077749 0.792992 -0.149403 0.578086 0.121075
1403638594.627830 7.706294 -5.150511 2.125724 0.793517 -0.151858 0.577908 0.115295
1403638594.727829 7.723999 -5.132691 2.169924 0.794045 -0.154832 0.577125 0.111565
1403638594.827830 7.735247 -5.113642 2.212832 0.794360 -0.156548 0.576518 0.110054
1403638594.927830 7.746451 -5.093087 2.244248 0.795202 -0.157590 0.575086 0.109980
1403638595.027829 7.756438 -5.071748 2.270168 0.796728 -0.159236 0.572640 0.109323
1403638595.127830 7.758359 -5.047830 2.292886 0.797622 -0.160408 0.571086 0.109222
1403638595.227829 7.764893 -5.025817 2.306804 0.798079 -0.160764 0.570187 0.110054
1403638595.327830 7.770441 -5.002969 2.315187 0.798168 -0.161021 0.569900 0.110520
1403638595.427830 7.773850 -4.979913 2.318175 0.798003 -0.161895 0.569948 0.110187
1403638595.527829 7.775481 -4.956680 2.316556 0.798587 -0.161914 0.569114 0.110236
1403638595.627830 7.776072 -4.933014 2.315920 0.799200 -0.161224 0.568331 0.110848
1403638595.727829 7.768670 -4.906942 2.325952 0.799696 -0.158250 0.567631 0.115056
1403638595.827830 7.765052 -4.880632 2.333947 0.800487 -0.156666 0.566379 0.117862
1403638595.927830 7.762460 -4.853537 2.332147 0.800229 -0.156123 0.566629 0.119125
1403638596.027829 7.759372 -4.825135 2.316927 0.799992 -0.153472 0.566827 0.123149
1403638596.127830 7.755707 -4.792993 2.295429 0.801101 -0.146622 0.564742 0.133438
1403638596.227829 7.751555 -4.754299 2.277641 0.803058 -0.137972 0.561197 0.145326
1403638596.327830 7.746359 -4.707514 2.270251 0.804157 -0.129819 0.558638 0.156213
1403638596.427830 7.746905 -4.650585 2.269978 0.804067 -0.124288 0.558107 0.162930
1403638596.527829 7.747652 -4.582253 2.281314 0.803843 -0.118668 0.557698 0.169494
1403638596.627830 7.755982 -4.501389 2.297113 0.804304 -0.112852 0.555992 0.176725
1403638596.727829 7.767649 -4.404056 2.320611 0.804890 -0.107957 0.554085 0.182993
1403638596.827830 7.784194 -4.290775 2.355300 0.804510 -0.104546 0.553926 0.187084
1403638596.927830 7.805730 -4.161639 2.390752 0.803507 -0.102594 0.554962 0.189389
1403638597.027829 7.830768 -4.015995 2.427382 0.802489 -0.102639 0.555846 0.191084
1403638597.127830 7.860594 -3.857018 2.458283 0.800908 -0.101661 0.557388 0.193724
1403638597.227829 7.894578 -3.679827 2.482171 0.798772 -0.102996 0.560038 0.194195
1403638597.327830 7.930605 -3.490200 2.498226 0.796727 -0.106679 0.563530 0.190472
1403638597.427830 7.969985 -3.284057 2.508504 0.794696 -0.112415 0.567313 0.184327
1403638597.527829 8.010069 -3.063779 2.516704 0.790277 -0.121468 0.575332 0.172340
1403638597.627830 8.047298 -2.833446 2.519312 0.786948 -0.128866 0.580948 0.163111
1403638597.727829 8.080870 -2.595632 2.517536 0.786140 -0.129492 0.582021 0.162686
1403638597.827830 8.111883 -2.350752 2.510896 0.788725 -0.119706 0.579137 0.167880
1403638597.927830 8.139861 -2.096870 2.498978 0.791358 -0.108350 0.576584 0.171940
1403638598.027829 8.167054 -1.832592 2.487368 0.792321 -0.101826 0.577138 0.169617
1403638598.127830 8.194471 -1.555886 2.482925 0.792840 -0.105782 0.580057 0.154107
1403638598.227829 8.217726 -1.270022 2.484011 0.793863 -0.115435 0.581975 0.133272
1403638598.327830 8.238907 -0.980962 2.486822 0.796415 -0.122766 0.580104 0.118874
1403638598.427830 8.260026 -0.692947 2.484241 0.798435 -0.126319 0.577978 0.111740
1403638598.527829 8.279780 -0.406271 2.475951 0.800101 -0.126170 0.576435 0.107897
1403638598.627830 8.296948 -0.122060 2.458842 0.803338 -0.121109 0.573885 0.103137
1403638598.727829 8.313922 0.159306 2.440183 0.805164 -0.110799 0.574485 0.096960
1403638598.827830 8.329056 0.438451 2.425628 0.806302 -0.098073 0.576633 0.088051
1403638598.927830 8.341607 0.714026 2.415884 0.808812 -0.082476 0.576911 0.078708
1403638599.027829 8.352219 0.987146 2.409276 0.810603 -0.066763 0.578021 0.066011
1403638599.127830 8.362469 1.258256 2.409894 0.811782 -0.048536 0.579325 0.055117
1403638599.227829 8.368567 1.527633 2.414516 0.813302 -0.029981 0.579432 0.043584
1403638599.327830 8.372044 1.795796 2.425666 0.815309 -0.011885 0.578106 0.030376
1403638599.427830 8.372890 2.061740 2.443710 0.818141 0.004571 0.574613 0.021052
1403638599.527829 8.372377 2.326650 2.463954 0.820297 0.015716 0.571547 0.014103
1403638599.627830 8.370980 2.591186 2.477936 0.821940 0.021040 0.569126 0.008233
1403638599.727829 8.368149 2.853896 2.482574 0.823121 0.024264 0.567315 0.006066
1403638599.827830 8.368598 3.115661 2.479234 0.823757 0.023414 0.566437 0.005021
1403638599.927830 8.371335 3.374976 2.471480 0.824993 0.019631 0.564797 0.002249
1403638600.027829 8.377965 3.632720 2.458695 0.824395 0.013051 0.565858 -0.002700
1403638600.127830 8.388594 3.886267 2.442942 0.826504 0.003581 0.562813 -0.010937
1403638600.227829 8.401821 4.132229 2.423808 0.829325 -0.008085 0.558241 -0.022842
1403638600.327830 8.417373 4.369430 2.400425 0.831037 -0.017680 0.555033 -0.031680
1403638600.427830 8.436734 4.595192 2.379603 0.832272 -0.026021 0.552343 -0.039534
1403638600.527829 8.461205 4.805521 2.368538 0.832994 -0.028835 0.551024 -0.040766
1403638600.627830 8.490966 5.002012 2.366671 0.834329 -0.030196 0.548958 -0.040353
1403638600.727829 8.524353 5.184892 2.371465 0.836478 -0.031402 0.545570 -0.040885
1403638600.827830 8.564054 5.354593 2.381531 0.840417 -0.028291 0.539914 -0.037320
1403638600.927830 8.610852 5.509334 2.394585 0.843572 -0.015873 0.536341 -0.021719
1403638601.027829 8.665351 5.654328 2.403235 0.844423 -0.004718 0.535593 -0.008246
1403638601.127830 8.728975 5.793851 2.406654 0.843246 0.000983 0.537525 -0.001645
1403638601.227829 8.800266 5.929931 2.405134 0.840271 0.008265 0.542057 0.007075
1403638601.327830 8.877685 6.066488 2.401023 0.832880 0.014784 0.553094 0.013361
1403638601.427830 8.959320 6.205554 2.397520 0.828500 0.017267 0.559715 0.002886
1403638601.527829 9.042931 6.347117 2.400889 0.824268 0.026835 0.565494 -0.008875
1403638601.627830 9.126280 6.487985 2.410818 0.820889 0.043826 0.569052 -0.020008
1403638601.727829 9.209441 6.628417 2.426718 0.818258 0.066880 0.570040 -0.032174
1403638601.827830 9.290531 6.768708 2.450750 0.813831 0.094595 0.571523 -0.045744
1403638601.927830 9.367724 6.909078 2.480462 0.809182 0.122244 0.571568 -0.059933
1403638602.027829 9.442329 7.050823 2.507470 0.806732 0.142430 0.568829 -0.073010
1403638602.127830 9.515255 7.194807 2.525458 0.803613 0.157716 0.568096 -0.081230
1403638602.227829 9.584888 7.340363 2.537376 0.797264 0.174420 0.571324 -0.086812
1403638602.327830 9.643788 7.487960 2.552267 0.788560 0.190582 0.576031 -0.100196
1403638602.427830 9.699013 7.640345 2.569070 0.772742 0.198253 0.588256 -0.132364
1403638602.527829 9.744880 7.789814 2.595576 0.749117 0.203375 0.607641 -0.168035
1403638602.627830 9.777301 7.927878 2.629174 0.732094 0.211378 0.616788 -0.197307
1403638602.727829 9.793830 8.048677 2.666371 0.725794 0.228246 0.613193 -0.212420
1403638602.827830 9.794068 8.151887 2.709448 0.721933 0.249442 0.606561 -0.220627
1403638602.927830 9.778958 8.239065 2.755737 0.720227 0.267532 0.595492 -0.234711
1403638603.027829 9.753254 8.313103 2.801468 0.718785 0.281142 0.581812 -0.256521
1403638603.127830 9.722044 8.375342 2.843329 0.710948 0.295095 0.576851 -0.273339
1403638603.227829 9.683121 8.420988 2.875267 0.710262 0.311032 0.567108 -0.277807
1403638603.327830 9.639036 8.454888 2.896027 0.722131 0.327768 0.545289 -0.271578
1403638603.427830 9.592406 8.480444 2.909885 0.733009 0.338919 0.526518 -0.265726
1403638603.527829 9.546765 8.502849 2.920902 0.736621 0.344136 0.519066 -0.263688
1403638603.627830 9.501396 8.522089 2.928666 0.730621 0.346303 0.523878 -0.267992
1403638603.727829 9.455252 8.535699 2.930197 0.722251 0.351158 0.533676 -0.265013
1403638603.827830 9.404259 8.543419 2.924753 0.714285 0.356453 0.543878 -0.258717
1403638603.927830 9.347670 8.547149 2.911326 0.707051 0.360902 0.553541 -0.251835
1403638604.027829 9.284618 8.547251 2.890947 0.701949 0.363478 0.560723 -0.246459
1403638604.127830 9.209503 8.547359 2.871153 0.698954 0.364988 0.565094 -0.242724
1403638604.227829 9.126431 8.543125 2.858230 0.700350 0.363495 0.562968 -0.245862
1403638604.327830 9.030933 8.533261 2.853291 0.706833 0.359580 0.554315 -0.252635
1403638604.427830 8.928482 8.519170 2.853583 0.714970 0.358345 0.543537 -0.254900
1403638604.527829 8.820639 8.500039 2.862333 0.722214 0.360456 0.533806 -0.252051
1403638604.627830 8.710441 8.479452 2.870166 0.725315 0.361341 0.529422 -0.251122
1403638604.727829 8.599327 8.458629 2.871919 0.727956 0.358687 0.525607 -0.255266
1403638604.827830 8.487715 8.435342 2.870650 0.730252 0.356386 0.522333 -0.258628
1403638604.927830 8.376898 8.413659 2.871678 0.734459 0.357343 0.516588 -0.256929
1403638605.027829 8.269831 8.383419 2.876508 0.741495 0.359626 0.506127 -0.254343
1403638605.127830 8.163353 8.356397 2.890346 0.746844 0.361639 0.498154 -0.251564
1403638605.227829 8.061802 8.331459 2.910451 0.748624 0.363791 0.495388 -0.248613
1403638605.327830 7.965505 8.313148 2.927958 0.747545 0.367114 0.496899 -0.243918
1403638605.427830 7.873013 8.301769 2.941631 0.739882 0.372148 0.507796 -0.237115
1403638605.527829 7.778887 8.293249 2.948173 0.729620 0.376585 0.521960 -0.231077
1403638605.627830 7.683695 8.289023 2.948898 0.722152 0.380994 0.531750 -0.224904
1403638605.727829 7.584484 8.289751 2.948213 0.718857 0.383098 0.535868 -0.222094
1403638605.827830 7.480147 8.294754 2.957396 0.719405 0.383964 0.535114 -0.220636
1403638605.927830 7.368077 8.307943 2.971435 0.718850 0.385487 0.535957 -0.217726
1403638606.027829 7.251446 8.325781 2.991879 0.718147 0.387196 0.537289 -0.213693
1403638606.127830 7.126307 8.350293 3.003340 0.718230 0.388070 0.537696 -0.210786
1403638606.227829 6.994286 8.378466 3.012171 0.718404 0.389505 0.537640 -0.207663
1403638606.327830 6.855052 8.412819 3.008807 0.722325 0.387635 0.533224 -0.208944
1403638606.427830 6.708670 8.452061 3.002158 0.732607 0.381859 0.520452 -0.215873
1403638606.527829 6.562051 8.497972 2.987428 0.743224 0.374989 0.506597 -0.224415
1403638606.627830 6.410703 8.546830 2.967852 0.749180 0.373801 0.496066 -0.230044
1403638606.727829 6.267634 8.604733 2.943163 0.750561 0.380366 0.487000 -0.234117
1403638606.827830 6.129142 8.668732 2.915321 0.747952 0.391548 0.478849 -0.240751
1403638606.927830 5.997596 8.740367 2.889960 0.741860 0.405912 0.471295 -0.250519
1403638607.027829 5.870980 8.820845 2.871250 0.733579 0.420840 0.463828 -0.263854
1403638607.127830 5.752971 8.906339 2.862199 0.725960 0.430439 0.457047 -0.280736
1403638607.227829 5.642714 8.998831 2.859046 0.713243 0.436639 0.461997 -0.295279
1403638607.327830 5.538823 9.094085 2.850765 0.701424 0.438699 0.469617 -0.308233
1403638607.427830 5.439294 9.190913 2.833366 0.694839 0.439320 0.472646 -0.317495
1403638607.527829 5.345548 9.286427 2.806757 0.693919 0.439919 0.470512 -0.321818
1403638607.627830 5.256556 9.378963 2.775115 0.692667 0.441178 0.470376 -0.322986
1403638607.727829 5.171980 9.469873 2.740966 0.690298 0.441549 0.473744 -0.322631
1403638607.827830 5.091495 9.558719 2.703209 0.690942 0.441205 0.473638 -0.321875
1403638607.927830 5.014771 9.643697 2.662929 0.695180 0.437812 0.468960 -0.324224
1403638608.027829 4.943459 9.728689 2.616912 0.696927 0.434194 0.468225 -0.326394
1403638608.127830 4.878080 9.811911 2.566886 0.694337 0.433186 0.474084 -0.324793
1403638608.227829 4.816740 9.890086 2.512731 0.690346 0.433732 0.481738 -0.321291
1403638608.327830 4.757716 9.965418 2.453577 0.685396 0.432200 0.490127 -0.321266
1403638608.427830 4.698828 10.036159 2.391146 0.681839 0.431391 0.495413 -0.321814
1403638608.527829 4.641664 10.102418 2.321986 0.683721 0.432114 0.493261 -0.320151
1403638608.627830 4.583022 10.166231 2.250890 0.682973 0.429742 0.494991 -0.322265
1403638608.727829 4.526464 10.222735 2.184872 0.680195 0.427519 0.498159 -0.326191
1403638608.827830 4.469852 10.269377 2.122181 0.682881 0.428905 0.494329 -0.324582
1403638608.927830 4.413252 10.314379 2.066497 0.686807 0.430289 0.488755 -0.322904
1403638609.027829 4.358350 10.352154 2.017480 0.690499 0.430480 0.483200 -0.323135
1403638609.127830 4.306005 10.386617 1.975654 0.691988 0.431224 0.481120 -0.322057
1403638609.227829 4.256179 10.415642 1.937897 0.691995 0.426362 0.480787 -0.328942
1403638609.327830 4.209316 10.440265 1.896606 0.692409 0.423356 0.480199 -0.332790
1403638609.427830 4.167261 10.460466 1.846895 0.692321 0.425325 0.480678 -0.329755
1403638609.527829 4.126716 10.476962 1.791178 0.692389 0.427470 0.481226 -0.326018
1403638609.627830 4.089651 10.493347 1.728516 0.692403 0.428414 0.481682 -0.324070
1403638609.727829 4.055118 10.504002 1.662850 0.691222 0.430605 0.483432 -0.321069
1403638609.827830 4.021600 10.521280 1.599513 0.692276 0.430329 0.481925 -0.321433
1403638609.927830 3.991993 10.527630 1.546621 0.691869 0.430096 0.482573 -0.321649
1403638610.027829 3.968303 10.535318 1.500879 0.690708 0.428531 0.484046 -0.324011
1403638610.127830 3.944008 10.535982 1.463391 0.687862 0.426240 0.488009 -0.327130
1403638610.227829 3.921920 10.532695 1.425518 0.685092 0.425243 0.491862 -0.328464
1403638610.327830 3.900584 10.524855 1.381001 0.684206 0.424007 0.493340 -0.329690
1403638610.427830 3.882155 10.514338 1.330171 0.683861 0.422752 0.494006 -0.331019
1403638610.527829 3.861785 10.496661 1.274750 0.680912 0.422657 0.498430 -0.330587
1403638610.627830 3.841759 10.472311 1.217118 0.673761 0.418637 0.507751 -0.336123
1403638610.727829 3.819715 10.439360 1.160459 0.674456 0.418912 0.506445 -0.336355
1403638610.827830 3.796141 10.400829 1.108218 0.681776 0.422341 0.495825 -0.333117
1403638610.927830 3.775797 10.356588 1.066054 0.684725 0.424897 0.490644 -0.331485
1403638611.027829 3.757877 10.309052 1.026341 0.683726 0.423081 0.491751 -0.334218
1403638611.127830 3.737190 10.256831 0.977716 0.681081 0.422008 0.494645 -0.336696
1403638611.227829 3.720259 10.197714 0.929954 0.680527 0.422975 0.494728 -0.336481
1403638611.327830 3.704692 10.131050 0.886875 0.679864 0.425330 0.495452 -0.333777
1403638611.427830 3.687212 10.056402 0.847884 0.675209 0.432427 0.502701 -0.323096
1403638611.527829 3.665749 9.980280 0.813534 0.672339 0.439304 0.507369 -0.312328
1403638611.627830 3.637929 9.899118 0.783667 0.674213 0.441824 0.505872 -0.307120
1403638611.727829 3.607506 9.816591 0.759315 0.678377 0.440022 0.500667 -0.309059
1403638611.827830 3.574612 9.732778 0.731063 0.684228 0.434992 0.493056 -0.315452
1403638611.927830 3.543006 9.650727 0.699025 0.689030 0.431487 0.487046 -0.319127
1403638612.027829 3.511814 9.566640 0.666866 0.691725 0.429836 0.483571 -0.320807
1403638612.127830 3.482794 9.483874 0.637354 0.693615 0.428239 0.481332 -0.322226
1403638612.227829 3.456057 9.399954 0.618318 0.694149 0.428378 0.480973 -0.321426
1403638612.327830 3.433258 9.317685 0.604028 0.693795 0.428663 0.481595 -0.320879
1403638612.427830 3.413177 9.233150 0.592338 0.692757 0.428427 0.483810 -0.320102
1403638612.527829 3.393653 9.148262 0.574278 0.690743 0.428324 0.488081 -0.318103
1403638612.627830 3.373544 9.062219 0.549413 0.689064 0.430160 0.491939 -0.313288
1403638612.727829 3.350836 8.972436 0.515757 0.687282 0.431163 0.496206 -0.309066
1403638612.827830 3.329404 8.888147 0.481029 0.686365 0.429537 0.499499 -0.308063
1403638612.927830 3.300578 8.797005 0.445421 0.685938 0.427001 0.501660 -0.309025
1403638613.027829 3.273416 8.711369 0.419622 0.688423 0.426011 0.499188 -0.308868
1403638613.127830 3.242986 8.624776 0.402565 0.689948 0.425128 0.497708 -0.309071
1403638613.227829 3.211601 8.537912 0.391403 0.691698 0.424820 0.495564 -0.309028
1403638613.327830 3.176717 8.447778 0.384028 0.692275 0.425279 0.494982 -0.308036
1403638613.427830 3.140199 8.355556 0.381246 0.691558 0.425722 0.496030 -0.307348
1403638613.527829 3.105287 8.268479 0.375694 0.691478 0.422254 0.498419 -0.308444
1403638613.627830 3.069709 8.181425 0.364061 0.693094 0.416059 0.500231 -0.310297
1403638613.727829 3.030704 8.086088 0.344847 0.692091 0.409404 0.504594 -0.314297
1403638613.827830 2.993188 7.996070 0.318281 0.692634 0.402033 0.509881 -0.314084
1403638613.927830 2.953894 7.896059 0.285286 0.696827 0.393242 0.514232 -0.308803
1403638614.027829 2.916312 7.796185 0.248690 0.703992 0.382532 0.518762 -0.298246
1403638614.127830 2.877464 7.691463 0.208828 0.713522 0.369556 0.522411 -0.285309
1403638614.227829 2.836644 7.582085 0.172041 0.723530 0.356276 0.525073 -0.271791
1403638614.327830 2.794006 7.470614 0.140230 0.731472 0.345021 0.526579 -0.261962
1403638614.427830 2.749860 7.357975 0.116207 0.737323 0.335348 0.527233 -0.256753
1403638614.527829 2.702834 7.240651 0.100275 0.741797 0.327183 0.527497 -0.253841
1403638614.627830 2.657106 7.126488 0.092537 0.746354 0.317109 0.528922 -0.250280
1403638614.727829 2.615241 7.014531 0.096575 0.753951 0.302869 0.527630 -0.247862
1403638614.827830 2.577484 6.903518 0.112000 0.764723 0.285853 0.524004 -0.242704
1403638614.927830 2.544946 6.790383 0.135272 0.775168 0.268254 0.522800 -0.232023
1403638615.027829 2.516384 6.668243 0.156940 0.784274 0.247654 0.525608 -0.217526
1403638615.127830 2.493077 6.542101 0.182393 0.790767 0.226332 0.533501 -0.197075
1403638615.227829 2.474119 6.412492 0.213624 0.792814 0.205247 0.547187 -0.172935
1403638615.327830 2.457505 6.282048 0.244919 0.795883 0.181133 0.557663 -0.150908
1403638615.427830 2.441001 6.151372 0.270882 0.799386 0.155209 0.565626 -0.130230
1403638615.527829 2.424607 6.021640 0.290971 0.803371 0.129768 0.570510 -0.110783
1403638615.627830 2.407128 5.893361 0.306318 0.805877 0.108743 0.574097 -0.095650
1403638615.727829 2.416507 5.813010 0.358715 0.807987 0.093979 0.575349 -0.085435
1403638615.827830 2.406647 5.707130 0.386322 0.809343 0.083023 0.576125 -0.078434
1403638615.927830 2.392102 5.592025 0.417979 0.810413 0.070402 0.576980 -0.073270
1403638616.027829 2.375340 5.474612 0.443713 0.812058 0.058536 0.576964 -0.065182
1403638616.127830 2.356357 5.354953 0.460141 0.813029 0.045921 0.577753 -0.055467
1403638616.227829 2.336423 5.236687 0.460528 0.814514 0.029486 0.577589 -0.045703
1403638616.327830 2.314999 5.117201 0.444857 0.815514 0.010447 0.577688 -0.033242
1403638616.427830 2.293391 4.993780 0.418621 0.816209 -0.008446 0.577334 -0.020409
1403638616.527829 2.270731 4.869394 0.388182 0.817049 -0.023989 0.575964 -0.011032
1403638616.627830 2.248213 4.747644 0.353541 0.820014 -0.034916 0.571269 -0.003185
1403638616.727829 2.227002 4.625536 0.315207 0.827230 -0.044496 0.560096 -0.001504
1403638616.827830 2.211736 4.504947 0.273320 0.834864 -0.053666 0.547798 -0.006197
1403638616.927830 2.204036 4.384195 0.234680 0.836997 -0.056548 0.544239 -0.006411
1403638617.027829 2.202806 4.258305 0.207034 0.833763 -0.051768 0.549690 0.000726
1403638617.127830 2.206216 4.128396 0.188134 0.829888 -0.045022 0.556056 0.007761
1403638617.227829 2.213072 3.996365 0.175784 0.829710 -0.039390 0.556690 0.011239
1403638617.327830 2.223605 3.864487 0.167924 0.832899 -0.036460 0.552123 0.010485
1403638617.427830 2.238682 3.734450 0.166890 0.837056 -0.032817 0.546019 0.011145
1403638617.527829 2.259292 3.606853 0.174660 0.838818 -0.029552 0.543499 0.010928
1403638617.627830 2.286562 3.482616 0.191380 0.838360 -0.026774 0.544350 0.010911
1403638617.727829 2.322781 3.364854 0.217253 0.836643 -0.022624 0.547134 0.012710
1403638617.827830 2.364140 3.251142 0.249967 0.836525 -0.019993 0.547408 0.013043
1403638617.927830 2.410568 3.142816 0.289864 0.835354 -0.018994 0.549261 0.011651
1403638618.027829 2.461811 3.035287 0.327743 0.834898 -0.017857 0.550012 0.010642
1403638618.127830 2.515939 2.930465 0.359677 0.835000 -0.017400 0.549907 0.008638
1403638618.227829 2.575236 2.827989 0.384941 0.834763 -0.016268 0.550310 0.008101
1403638618.327830 2.637023 2.729903 0.405553 0.834081 -0.014781 0.551378 0.008480
1403638618.427830 2.702257 2.633417 0.422643 0.833981 -0.013754 0.551559 0.008319
1403638618.527829 2.771219 2.541338 0.438671 0.833441 -0.012631 0.552410 0.007745
1403638618.627830 2.843669 2.449563 0.451616 0.833088 -0.014508 0.552852 0.010423
1403638618.727829 2.919903 2.362884 0.466090 0.832859 -0.016801 0.553037 0.014615
1403638618.827830 3.000240 2.279346 0.485429 0.831695 -0.020802 0.554615 0.015936
1403638618.927830 3.083781 2.199554 0.509764 0.829059 -0.026159 0.558163 0.020764
1403638619.027829 3.169654 2.121874 0.530262 0.824642 -0.037478 0.563643 0.029461
1403638619.127830 3.255710 2.045385 0.543248 0.821046 -0.053340 0.566700 0.043459
1403638619.227829 3.341772 1.972644 0.549107 0.817440 -0.075078 0.568225 0.057240
1403638619.327830 3.427511 1.902556 0.547383 0.813822 -0.099992 0.567804 0.072757
1403638619.427830 3.511592 1.836080 0.538135 0.809230 -0.123432 0.567889 0.086105
1403638619.527829 3.595654 1.772075 0.523078 0.805270 -0.141813 0.567915 0.094348
1403638619.627830 3.681300 1.712840 0.513695 0.802246 -0.157374 0.567605 0.097264
1403638619.727829 3.764003 1.653322 0.493355 0.799592 -0.172249 0.567944 0.091772
1403638619.827830 3.844140 1.592346 0.471626 0.796773 -0.181232 0.569474 0.089479
1403638619.927830 3.920303 1.528783 0.447785 0.795222 -0.186268 0.569928 0.090045
1403638620.027829 3.992531 1.458581 0.437140 0.793915 -0.188283 0.570656 0.092735
1403638620.127830 4.058442 1.387385 0.418001 0.791125 -0.188366 0.573929 0.096156
1403638620.227829 4.119797 1.313338 0.406210 0.788895 -0.187828 0.576698 0.098924
1403638620.327830 4.169222 1.239090 0.405169 0.790506 -0.185369 0.574569 0.103001
1403638620.427830 4.212684 1.163892 0.410798 0.791581 -0.183693 0.573380 0.104364
1403638620.527829 4.255189 1.085794 0.416816 0.792856 -0.181514 0.572201 0.104969
1403638620.627830 4.288908 1.009551 0.420217 0.794990 -0.180773 0.569809 0.103103
1403638620.727829 4.324154 0.930608 0.416747 0.798179 -0.181412 0.565818 0.099246
1403638620.827830 4.357532 0.849888 0.407946 0.801224 -0.179954 0.562196 0.097936
1403638620.927830 4.381900 0.772447 0.396930 0.803062 -0.173970 0.560548 0.103015
1403638621.027829 4.412787 0.690559 0.382176 0.802288 -0.168116 0.562558 0.107699
1403638621.127830 4.436757 0.610687 0.368430 0.801142 -0.165063 0.564974 0.108302
1403638621.227829 4.464965 0.531678 0.362175 0.799600 -0.162684 0.567905 0.107976
1403638621.327830 4.492495 0.454571 0.362956 0.800121 -0.159635 0.567742 0.109512
1403638621.427830 4.517778 0.380326 0.362679 0.798919 -0.157574 0.570023 0.109417
1403638621.527829 4.541199 0.309631 0.356456 0.796891 -0.155164 0.573333 0.110352
1403638621.627830 4.559704 0.246074 0.347272 0.795257 -0.153642 0.576015 0.110306
1403638621.727829 4.579229 0.181781 0.331312 0.794401 -0.152602 0.577424 0.110549
1403638621.827830 4.592567 0.126279 0.312909 0.792144 -0.150881 0.580671 0.112087
1403638621.927830 4.603856 0.069024 0.290830 0.788706 -0.149317 0.585461 0.113498
1403638622.027829 4.609814 0.019374 0.265780 0.787157 -0.149437 0.587655 0.112759
1403638622.127830 4.610083 -0.019849 0.238104 0.787824 -0.151556 0.586673 0.110355
1403638622.227829 4.606988 -0.062309 0.208883 0.788134 -0.153326 0.586238 0.107984
1403638622.327830 4.598445 -0.100514 0.186040 0.788100 -0.155363 0.586150 0.105777
1403638622.427830 4.583954 -0.135799 0.172422 0.788958 -0.154795 0.584686 0.108283
1403638622.527829 4.561702 -0.160624 0.169512 0.789014 -0.153634 0.584326 0.111425
1403638622.627830 4.538572 -0.192089 0.169438 0.787464 -0.151147 0.586096 0.116386
1403638622.727829 4.508342 -0.211341 0.184099 0.779502 -0.149533 0.596382 0.119773
1403638622.827830 4.475082 -0.232721 0.201850 0.769842 -0.149066 0.608533 0.121695
1403638622.927830 4.434427 -0.242932 0.223675 0.769930 -0.150274 0.608197 0.121332
1403638623.027829 4.384316 -0.248874 0.239933 0.776100 -0.153287 0.600062 0.118735
1403638623.127830 4.325960 -0.251014 0.249778 0.781804 -0.156908 0.592445 0.114767
1403638623.227829 4.259800 -0.246346 0.255117 0.784851 -0.159847 0.588365 0.110835
1403638623.327830 4.189700 -0.242485 0.255090 0.788299 -0.161693 0.583687 0.108393
1403638623.427830 4.116786 -0.239893 0.250675 0.791051 -0.161801 0.579898 0.108518
1403638623.527829 4.040440 -0.234953 0.245148 0.791580 -0.162638 0.579191 0.107185
1403638623.627830 3.961199 -0.230186 0.245104 0.790982 -0.161380 0.579825 0.110030
1403638623.727829 3.877412 -0.224586 0.251694 0.791674 -0.161015 0.578652 0.111750
1403638623.827830 3.790024 -0.217125 0.264218 0.792528 -0.160753 0.577225 0.113443
1403638623.927830 3.698568 -0.208215 0.279895 0.794239 -0.161417 0.574365 0.115040
1403638624.027829 3.605024 -0.198237 0.290746 0.794915 -0.162586 0.573059 0.115234
1403638624.127830 3.510421 -0.186130 0.296953 0.795366 -0.165476 0.572045 0.113025
1403638624.227829 3.416352 -0.174257 0.299757 0.795319 -0.168388 0.571746 0.110544
1403638624.327830 3.318824 -0.161467 0.295940 0.794569 -0.170380 0.572403 0.109473
1403638624.427830 3.222073 -0.149103 0.288661 0.794313 -0.171708 0.572373 0.109418
1403638624.527829 3.125464 -0.138570 0.281535 0.791185 -0.174028 0.576200 0.108329
1403638624.627830 3.026251 -0.127251 0.266406 0.781479 -0.176457 0.589025 0.105845
1403638624.727829 2.921913 -0.116757 0.251744 0.783959 -0.169695 0.586921 0.110166
1403638624.827830 2.814413 -0.106754 0.246929 0.790992 -0.160081 0.579546 0.113281
1403638624.927830 2.708054 -0.092135 0.247797 0.795512 -0.154697 0.575323 0.110604
1403638625.027829 2.599081 -0.080154 0.254393 0.797106 -0.152947 0.574944 0.103294
1403638625.127830 2.490285 -0.064670 0.256512 0.798138 -0.153528 0.574777 0.095057
1403638625.227829 2.381360 -0.053897 0.255393 0.799332 -0.152610 0.574034 0.090907
1403638625.327830 2.273107 -0.040882 0.250635 0.799658 -0.151167 0.574166 0.089607
1403638625.427830 2.167677 -0.033713 0.249297 0.799557 -0.149917 0.574714 0.089091
1403638625.527829 2.060107 -0.023409 0.252472 0.799382 -0.149436 0.575089 0.089053
1403638625.627830 1.953303 -0.015404 0.262653 0.800864 -0.149235 0.572993 0.089576
1403638625.727829 1.848845 -0.011361 0.279145 0.803825 -0.149988 0.568812 0.088439
1403638625.827830 1.744701 -0.005061 0.292008 0.808179 -0.151035 0.562444 0.087701
1403638625.927830 1.651987 -0.004908 0.303012 0.809242 -0.150798 0.560794 0.088870
1403638626.027829 1.547555 -0.003291 0.306452 0.809967 -0.151820 0.559482 0.088786
1403638626.127830 1.447124 -0.002951 0.305125 0.810379 -0.153735 0.558630 0.087089
1403638626.227829 1.351332 -0.004465 0.297387 0.810233 -0.153132 0.558753 0.088697
1403638626.327830 1.256303 -0.007999 0.287802 0.808324 -0.149264 0.561513 0.095054
1403638626.427830 1.163375 -0.011393 0.275058 0.806181 -0.145134 0.564685 0.100690
1403638626.527829 1.069512 -0.013015 0.257673 0.807447 -0.143744 0.562974 0.102117
1403638626.627830 0.980709 -0.015204 0.242165 0.809529 -0.144496 0.560007 0.100874
1403638626.727829 0.894359 -0.016179 0.228599 0.812360 -0.145228 0.556016 0.099130
1403638626.827830 0.810698 -0.016561 0.220359 0.815557 -0.146169 0.551381 0.097368
1403638626.927830 0.735416 -0.017548 0.221711 0.817824 -0.145682 0.548144 0.097353
1403638627.027829 0.665455 -0.018467 0.224174 0.817892 -0.145488 0.548211 0.096698
1403638627.127830 0.599445 -0.019899 0.224374 0.817677 -0.145316 0.548709 0.095942
1403638627.227829 0.538176 -0.022429 0.219501 0.817571 -0.145106 0.549033 0.095320
1403638627.327830 0.483061 -0.024693 0.211813 0.817603 -0.142843 0.549116 0.097947
1403638627.427830 0.436597 -0.027605 0.197742 0.817535 -0.141798 0.549275 0.099130
1403638627.527829 0.393411 -0.030702 0.186630 0.817203 -0.142083 0.549751 0.098822
1403638627.627830 0.353454 -0.033032 0.173052 0.815167 -0.140569 0.552561 0.102075
1403638627.727829 0.323718 -0.035214 0.157999 0.812132 -0.140329 0.556904 0.102994
1403638627.827830 0.310984 -0.032559 0.137550 0.810843 -0.140127 0.558580 0.104339
1403638627.927830 0.281065 -0.032734 0.122172 0.812002 -0.140082 0.556764 0.105084
1403638628.027829 0.252145 -0.031088 0.107493 0.813573 -0.140005 0.554263 0.106254
1403638628.127830 0.225718 -0.026702 0.094250 0.814525 -0.140536 0.552622 0.106808
1403638628.227829 0.202809 -0.020970 0.082175 0.814629 -0.141255 0.552216 0.107162
1403638628.327830 0.188019 -0.012443 0.072191 0.815284 -0.142411 0.551019 0.106817
1403638628.427830 0.179148 -0.003356 0.060006 0.814918 -0.144502 0.551497 0.104298
1403638628.527829 0.184178 0.005558 0.056730 0.809080 -0.150847 0.559836 0.096012
1403638628.627830 0.179247 0.013966 0.055255 0.802285 -0.155517 0.569298 0.089739
1403638628.727829 0.181384 0.025331 0.048355 0.801818 -0.157306 0.569826 0.087417
1403638628.827830 0.179288 0.035273 0.047369 0.803321 -0.155395 0.567629 0.091240
1403638628.927830 0.166661 0.038509 0.035397 0.803382 -0.152971 0.567479 0.095631
1403638629.027829 0.153849 0.040844 0.023543 0.804382 -0.149523 0.566125 0.100573
1403638629.127830 0.144001 0.041345 0.013499 0.805676 -0.146718 0.564398 0.103993
1403638629.227829 0.137898 0.043922 0.009031 0.806714 -0.145206 0.562997 0.105653
1403638629.327830 0.130181 0.047942 0.005777 0.807515 -0.144507 0.561779 0.106966
1403638629.427830 0.124041 0.054929 0.004684 0.811596 -0.145445 0.555706 0.106525
1403638629.527829 0.120949 0.062787 0.003133 0.816215 -0.148015 0.548740 0.103776
1403638629.627830 0.121644 0.071347 0.003530 0.816510 -0.153426 0.548101 0.096731
1403638629.727829 0.128824 0.076404 0.008223 0.812502 -0.161078 0.553529 0.086601
1403638629.827830 0.137311 0.078024 0.011986 0.806492 -0.164275 0.561915 0.082678
1403638629.927830 0.144686 0.076329 0.008051 0.800345 -0.161583 0.570637 0.087822
1403638630.027829 0.148958 0.072431 -0.004872 0.794501 -0.154401 0.578945 0.098749
1403638630.127830 0.150203 0.069073 -0.029076 0.794905 -0.149780 0.578440 0.105353
1403638630.227829 0.148469 0.067894 -0.061139 0.799019 -0.147717 0.572799 0.107934
1403638630.327830 0.145323 0.068135 -0.098986 0.805662 -0.147298 0.563064 0.110323
1403638630.427830 0.153756 0.072101 -0.101142 0.811849 -0.153755 0.555084 0.095622
1403638630.527829 0.164161 0.073333 -0.093058 0.802289 -0.146435 0.569137 0.104748
1403638630.627830 0.173088 0.075296 -0.105226 0.801479 -0.146824 0.570031 0.105544
1403638630.727829 0.176935 0.074342 -0.123869 0.827708 -0.140103 0.534843 0.095981
1403638630.827830 0.168034 0.071542 -0.128706 0.825155 -0.142028 0.537474 0.100340
1403638630.927830 0.160886 0.073405 -0.134217 0.825995 -0.140260 0.536826 0.099382
1403638631.027829 0.153210 0.075431 -0.139540 0.826214 -0.140555 0.536498 0.098913
1403638631.127830 0.145336 0.077026 -0.144583 0.826251 -0.140907 0.536430 0.098474
1403638631.227829 0.136780 0.078717 -0.149528 0.826262 -0.140786 0.536412 0.098656
1403638631.327830 0.128654 0.080341 -0.154141 0.826155 -0.140854 0.536557 0.098661
1403638631.427830 0.120007 0.082104 -0.158797 0.826173 -0.140697 0.536531 0.098877
1403638631.527829 0.111411 0.083820 -0.163183 0.826268 -0.140807 0.536352 0.098904
1403638631.627830 0.102766 0.085518 -0.167536 0.826346 -0.140658 0.536227 0.099139
