1403638522.827830 0.055515 0.043272 0.183215 0.816127 0.030459 0.575532 -0.042101
1403638522.927830 0.053216 0.042460 0.182859 0.810612 0.025802 0.582444 -0.054779
1403638523.027829 0.047447 0.040426 0.174723 0.806422 0.023108 0.587963 -0.058718
1403638523.127830 0.038908 0.040424 0.149708 0.804847 0.023792 0.590148 -0.058144
1403638523.227829 0.026018 0.040656 0.102736 0.803126 0.023805 0.592910 -0.053657
1403638523.327830 0.012873 0.042502 0.029805 0.800513 0.023403 0.597234 -0.044066
1403638523.427830 -0.001194 0.048444 -0.062312 0.801311 0.024196 0.596388 -0.040456
1403638523.527829 -0.019310 0.055955 -0.163671 0.807998 0.027883 0.587544 -0.033965
1403638523.627830 -0.041108 0.066478 -0.268656 0.818174 0.031581 0.573518 -0.025896
1403638523.727829 -0.065320 0.081007 -0.372828 0.825072 0.034450 0.563605 -0.020474
1403638523.827830 -0.091899 0.100549 -0.473968 0.827368 0.037256 0.560142 -0.017747
1403638523.927830 -0.121552 0.124271 -0.569073 0.826682 0.041718 0.561032 -0.009982
1403638524.027829 -0.151919 0.155423 -0.650450 0.827875 0.049397 0.558733 -0.000513
1403638524.127830 -0.181392 0.193973 -0.708258 0.832046 0.056934 0.551764 0.003938
1403638524.227829 -0.210054 0.238513 -0.738391 0.835333 0.059554 0.546509 -0.000173
1403638524.327830 -0.237734 0.287540 -0.748317 0.834304 0.059247 0.548057 -0.007721
1403638524.427830 -0.264814 0.341728 -0.749542 0.829737 0.057330 0.554972 -0.015984
1403638524.527829 -0.292566 0.400828 -0.748399 0.821480 0.056909 0.567011 -0.020725
1403638524.627830 -0.320950 0.465415 -0.750860 0.813299 0.053665 0.578997 -0.020653
1403638524.727829 -0.351533 0.535677 -0.763950 0.807947 0.048628 0.587142 -0.011017
1403638524.827830 -0.386035 0.610102 -0.792161 0.804902 0.043682 0.591794 0.001914
1403638524.927830 -0.424006 0.688705 -0.835707 0.803769 0.043887 0.593319 -0.001694
1403638525.027829 -0.467203 0.769100 -0.899157 0.801527 0.047641 0.596031 -0.005647
1403638525.127830 -0.512463 0.852275 -0.986247 0.798923 0.051784 0.599199 -0.000903
1403638525.227829 -0.560134 0.938816 -1.091438 0.799050 0.056906 0.598566 0.000907
1403638525.327830 -0.612110 1.029559 -1.207617 0.804928 0.061737 0.590152 0.000506
1403638525.427830 -0.668647 1.126404 -1.327621 0.816399 0.064926 0.573813 -0.004024
1403638525.527829 -0.729184 1.228774 -1.445068 0.828172 0.065397 0.556506 -0.012492
1403638525.627830 -0.791868 1.335195 -1.556212 0.834156 0.063519 0.547642 -0.015432
1403638525.727829 -0.855615 1.446987 -1.659125 0.834571 0.059365 0.547527 -0.013446
1403638525.827830 -0.921266 1.565499 -1.753661 0.831270 0.053779 0.553192 -0.008762
1403638525.927830 -0.990676 1.686879 -1.839040 0.827789 0.051205 0.558698 0.000569
1403638526.027829 -1.064794 1.804313 -1.914059 0.827783 0.050941 0.558684 0.007224
1403638526.127830 -1.141517 1.916709 -1.980391 0.830217 0.044555 0.555560 0.010392
1403638526.227829 -1.222044 2.026897 -2.038904 0.831056 0.035208 0.554922 0.012982
1403638526.327830 -1.307131 2.137642 -2.094191 0.827931 0.026943 0.559943 0.016368
1403638526.427830 -1.397636 2.249342 -2.150277 0.822735 0.017783 0.567831 0.018942
1403638526.527829 -1.492598 2.361940 -2.209981 0.817324 0.006586 0.575795 0.019943
1403638526.627830 -1.591867 2.473134 -2.272949 0.811393 -0.002599 0.584061 0.022524
1403638526.727829 -1.696713 2.584200 -2.337996 0.806891 -0.009500 0.589949 0.028235
1403638526.827830 -1.806441 2.697626 -2.405224 0.804180 -0.013002 0.592955 0.039112
1403638526.927830 -1.920368 2.819737 -2.474728 0.805119 -0.017002 0.591220 0.044191
1403638527.027829 -2.036498 2.952045 -2.545351 0.809130 -0.026957 0.584825 0.050609
1403638527.127830 -2.153658 3.096159 -2.615399 0.812274 -0.042102 0.578746 0.059082
1403638527.227829 -2.270631 3.255737 -2.684596 0.811094 -0.056752 0.578163 0.068064
1403638527.327830 -2.385803 3.435760 -2.754466 0.805742 -0.068154 0.582468 0.082856
1403638527.427830 -2.499434 3.641345 -2.827605 0.800172 -0.074282 0.587174 0.097124
1403638527.527829 -2.611764 3.873819 -2.905104 0.797654 -0.076775 0.589104 0.103972
1403638527.627830 -2.723099 4.132748 -2.986815 0.797682 -0.075962 0.589019 0.104834
1403638527.727829 -2.834338 4.414034 -3.071714 0.798419 -0.069341 0.589274 0.102352
1403638527.827830 -2.946680 4.711704 -3.156432 0.801248 -0.063431 0.587564 0.093524
1403638527.927830 -3.063487 5.022661 -3.239056 0.804163 -0.058816 0.586014 0.080315
1403638528.027829 -3.184863 5.342576 -3.321538 0.803611 -0.052524 0.588057 0.075095
1403638528.127830 -3.310558 5.669811 -3.408047 0.803059 -0.044357 0.590424 0.067291
1403638528.227829 -3.437073 5.999327 -3.498261 0.804717 -0.034718 0.589838 0.057588
1403638528.327830 -3.559355 6.326698 -3.590149 0.805999 -0.024397 0.589477 0.047827
1403638528.427830 -3.680829 6.649193 -3.681737 0.804582 -0.018846 0.591698 0.046754
1403638528.527829 -3.803506 6.970100 -3.771907 0.805000 -0.019112 0.590888 0.049609
1403638528.627830 -3.929751 7.292403 -3.860829 0.806900 -0.026770 0.587967 0.049903
1403638528.727829 -4.063069 7.617073 -3.946683 0.806551 -0.032576 0.587926 0.052520
1403638528.827830 -4.211431 7.945588 -4.029233 0.805012 -0.038615 0.589439 0.055003
1403638528.927830 -4.380257 8.281842 -4.108440 0.804075 -0.046286 0.590663 0.049377
1403638529.027829 -4.570750 8.628891 -4.183048 0.804692 -0.050572 0.589850 0.044612
1403638529.127830 -4.778276 8.989488 -4.261058 0.804840 -0.047459 0.588922 0.056130
1403638529.227829 -4.997356 9.363510 -4.349578 0.805328 -0.040566 0.586982 0.072486
1403638529.327830 -5.224038 9.747733 -4.448804 0.808212 -0.035858 0.582180 0.081079
1403638529.427830 -5.453115 10.138459 -4.558701 0.815908 -0.032781 0.571146 0.083740
1403638529.527829 -5.679263 10.534570 -4.676144 0.827470 -0.031833 0.554742 0.080884
1403638529.627830 -5.902051 10.935373 -4.795615 0.834985 -0.029014 0.543270 0.082565
1403638529.727829 -6.121448 11.344012 -4.914277 0.834971 -0.026743 0.543348 0.082952
1403638529.827830 -6.338710 11.760352 -5.031164 0.828683 -0.026633 0.553035 0.082024
1403638529.927830 -6.555311 12.183505 -5.144171 0.823481 -0.026297 0.560723 0.082323
1403638530.027829 -6.768659 12.612274 -5.252636 0.822964 -0.026349 0.561338 0.083283
1403638530.127830 -6.980886 13.048323 -5.359381 0.824962 -0.028637 0.558171 0.084046
1403638530.227829 -7.194276 13.492058 -5.466088 0.825082 -0.034452 0.557261 0.086672
1403638530.327830 -7.412099 13.943766 -5.573793 0.824043 -0.040291 0.558169 0.088187
1403638530.427830 -7.635450 14.404070 -5.681012 0.823078 -0.044229 0.558693 0.091914
1403638530.527829 -7.865697 14.874290 -5.787072 0.822828 -0.047929 0.559078 0.089936
1403638530.627830 -8.104025 15.354121 -5.893083 0.823846 -0.050475 0.557009 0.092036
1403638530.727829 -8.348524 15.845347 -6.000674 0.827635 -0.052967 0.551008 0.092768
1403638530.827830 -8.598044 16.347163 -6.109317 0.829652 -0.053635 0.547833 0.093165
1403638530.927830 -8.852672 16.860494 -6.217217 0.828807 -0.052586 0.549549 0.091156
1403638531.027829 -9.112356 17.384892 -6.325292 0.826037 -0.051728 0.553975 0.089988
1403638531.127830 -9.377752 17.920848 -6.432002 0.822088 -0.049672 0.559587 0.092551
1403638531.227829 -9.646546 18.466942 -6.540129 0.821589 -0.046622 0.560172 0.095004
1403638531.327830 -9.920475 19.023309 -6.649796 0.817657 -0.046190 0.565761 0.096010
1403638531.427830 -10.199269 19.588372 -6.759911 0.818314 -0.045455 0.564698 0.097019
1403638531.527829 -10.482825 20.163866 -6.870980 0.817390 -0.045556 0.566068 0.096771
1403638531.627830 -10.770364 20.749801 -6.982954 0.817430 -0.044292 0.565965 0.097622
1403638531.727829 -11.062217 21.346361 -7.095906 0.817432 -0.044547 0.565898 0.097876
1403638531.827830 -11.358344 21.953403 -7.209910 0.817321 -0.044437 0.566023 0.098129
1403638531.927830 -11.658880 22.571186 -7.325035 0.817177 -0.044381 0.566198 0.098343
1403638532.027829 -11.963750 23.199833 -7.441349 0.817053 -0.044281 0.566341 0.098596
1403638532.127830 -12.272855 23.839371 -7.558702 0.816956 -0.044130 0.566435 0.098928
1403638532.227829 -12.586579 24.489956 -7.677296 0.816867 -0.043788 0.566492 0.099489
1403638532.327830 -12.904533 25.151701 -7.796845 0.816755 -0.043533 0.566588 0.099969
1403638532.427830 -13.226996 25.824688 -7.917524 0.816658 -0.043248 0.566679 0.100374
1403638532.527829 -13.553922 26.509068 -8.039339 0.816553 -0.043058 0.566777 0.100752
1403638532.627830 -13.885251 27.204811 -8.162346 0.816472 -0.042874 0.566848 0.101082
1403638532.727829 -14.221078 27.912030 -8.286558 0.816352 -0.042676 0.566977 0.101411
1403638532.827830 -14.561383 28.630865 -8.411899 0.816248 -0.042477 0.567081 0.101757
1403638532.927830 -14.906328 29.361307 -8.538453 0.816137 -0.042206 0.567186 0.102170
1403638533.027829 -15.255772 30.103373 -8.666109 0.816025 -0.042005 0.567296 0.102537
1403638533.127830 -15.609823 30.857306 -8.794951 0.815928 -0.041797 0.567383 0.102909
1403638533.227829 -15.968416 31.623118 -8.925017 0.815821 -0.041599 0.567485 0.103278
1403638533.327830 -16.331530 32.400953 -9.056206 0.815712 -0.041397 0.567581 0.103693
1403638533.427830 -16.699323 33.190967 -9.188653 0.815607 -0.041194 0.567685 0.104026
1403638533.527829 -17.071676 33.993089 -9.322271 0.815504 -0.040978 0.567781 0.104400
1403638533.627830 -17.448740 34.807328 -9.457128 0.815398 -0.040740 0.567879 0.104785
1403638533.727829 -17.830626 35.633932 -9.593264 0.815303 -0.040563 0.567951 0.105203
1403638533.827830 -18.217107 36.472882 -9.730617 0.815168 -0.040416 0.568097 0.105518
1403638533.927830 -18.608415 37.324336 -9.869408 0.815108 -0.040065 0.568148 0.105836
1403638534.027829 -19.004621 38.188254 -10.009545 0.814948 -0.039996 0.568307 0.106243
1403638534.127830 -19.405816 39.064702 -10.150827 0.814872 -0.039987 0.568335 0.106677
1403638534.227829 -19.812034 39.954105 -10.293369 0.814746 -0.039804 0.568482 0.106927
1403638534.327830 -20.223208 40.856549 -10.437344 0.814694 -0.039491 0.568541 0.107123
1403638534.427830 -20.639546 41.771943 -10.583054 0.814629 -0.039289 0.568589 0.107435
1403638534.527829 -21.060955 42.700228 -10.730097 0.814502 -0.039402 0.568644 0.108064
1403638534.627830 -21.487363 43.641542 -10.878603 0.814482 -0.038824 0.568674 0.108262
1403638534.727829 -21.918687 44.596012 -11.028522 0.814425 -0.038317 0.568754 0.108457
1403638534.827830 -22.354946 45.563649 -11.179867 0.814298 -0.038163 0.568866 0.108876
1403638534.927830 -22.796326 46.544473 -11.332793 0.814155 -0.038205 0.568947 0.109506
1403638535.027829 -23.242905 47.538799 -11.487161 0.814054 -0.037964 0.569046 0.109829
1403638535.127830 -23.694644 48.546718 -11.643024 0.813978 -0.037674 0.569104 0.110190
1403638535.227829 -24.151475 49.568379 -11.800380 0.813852 -0.037437 0.569236 0.110516
1403638535.327830 -24.613514 50.603654 -11.959099 0.813756 -0.037251 0.569321 0.110847
1403638535.427830 -25.080652 51.652491 -12.119246 0.813656 -0.037007 0.569408 0.111217
1403638535.527829 -25.552766 52.715110 -12.280763 0.813559 -0.036862 0.569490 0.111558
1403638535.627830 -26.029958 53.791695 -12.443927 0.813482 -0.036611 0.569540 0.111940
1403638535.727829 -26.512316 54.882249 -12.608577 0.813373 -0.036457 0.569632 0.112317
1403638535.827830 -26.999905 55.986928 -12.774788 0.813265 -0.036201 0.569743 0.112617
1403638535.927830 -27.492803 57.105718 -12.942640 0.813165 -0.036020 0.569835 0.112931
1403638536.027829 -27.990868 58.238508 -13.112059 0.813083 -0.035843 0.569909 0.113200
1403638536.127830 -28.494141 59.385577 -13.283026 0.812994 -0.035698 0.569974 0.113561
1403638536.227829 -29.002616 60.547065 -13.455445 0.812898 -0.035510 0.570052 0.113912
1403638536.327830 -29.516117 61.722965 -13.629302 0.812767 -0.035248 0.570194 0.114221
1403638536.427830 -30.034831 62.913409 -13.804718 0.812660 -0.035084 0.570277 0.114616
1403638536.527829 -30.558852 64.118472 -13.981690 0.812587 -0.034836 0.570330 0.114942
1403638536.627830 -31.088179 65.338229 -14.160327 0.812443 -0.034712 0.570471 0.115299
1403638536.727829 -31.622843 66.572756 -14.340681 0.812320 -0.034454 0.570574 0.115733
1403638536.827830 -32.162913 67.822163 -14.522727 0.812194 -0.034297 0.570692 0.116085
1403638536.927830 -32.708357 69.086559 -14.706353 0.812070 -0.034097 0.570808 0.116443
1403638537.027829 -33.259308 70.365855 -14.891853 0.811986 -0.033891 0.570869 0.116784
1403638537.127830 -33.815631 71.660134 -15.079185 0.811855 -0.033632 0.570980 0.117227
1403638537.227829 -34.377261 72.969409 -15.268146 0.811775 -0.033542 0.571026 0.117583
1403638537.327830 -34.944180 74.293854 -15.458780 0.811659 -0.033363 0.571131 0.117925
1403638537.427830 -35.516417 75.633622 -15.651187 0.811559 -0.033111 0.571221 0.118242
1403638537.527829 -36.094172 76.988617 -15.845390 0.811465 -0.032876 0.571292 0.118612
1403638537.627830 -36.677933 78.359050 -16.041538 0.811321 -0.032543 0.571427 0.119042
1403638537.727829 -37.267392 79.745185 -16.239566 0.811248 -0.032322 0.571458 0.119446
1403638537.827830 -37.862294 81.147068 -16.439239 0.811134 -0.032113 0.571560 0.119789
1403638537.927830 -38.462023 82.564571 -16.640754 0.811036 -0.031908 0.571633 0.120160
1403638538.027829 -39.068095 83.998124 -16.844066 0.810947 -0.031724 0.571684 0.120566
1403638538.127830 -39.679937 85.447527 -17.049156 0.810724 -0.031435 0.571925 0.120997
1403638538.227829 -40.296577 86.912613 -17.256378 0.810664 -0.031265 0.571946 0.121341
1403638538.327830 -40.918827 88.393680 -17.465850 0.810552 -0.030959 0.572047 0.121695
1403638538.427830 -41.547007 89.891007 -17.676848 0.810290 -0.030755 0.572346 0.122086
1403638538.527829 -42.181651 91.404460 -17.889548 0.810132 -0.030590 0.572514 0.122386
1403638538.627830 -42.822279 92.934209 -18.104079 0.809795 -0.030431 0.572892 0.122883
1403638538.727829 -43.468680 94.480129 -18.320788 0.809316 -0.030058 0.573502 0.123284
1403638538.827830 -44.120164 96.042722 -18.539783 0.808663 -0.029165 0.574508 0.123103
1403638538.927830 -44.776272 97.621945 -18.758597 0.805536 -0.027671 0.578918 0.123287
1403638539.027829 -45.438064 99.218365 -18.977311 0.800412 -0.027374 0.585740 0.124498
1403638539.127830 -46.104349 100.832208 -19.194460 0.793317 -0.027396 0.595363 0.124261
1403638539.227829 -46.774911 102.464499 -19.407197 0.788208 -0.025698 0.602200 0.124189
1403638539.327830 -47.451894 104.115468 -19.613800 0.787129 -0.024981 0.603678 0.124007
1403638539.427830 -48.135654 105.784851 -19.815065 0.788673 -0.023921 0.601621 0.124401
1403638539.527829 -48.825516 107.472114 -20.013403 0.790659 -0.022856 0.599018 0.124555
1403638539.627830 -49.521042 109.176384 -20.213783 0.791337 -0.021765 0.598246 0.124151
1403638539.727829 -50.221620 110.896226 -20.425713 0.791958 -0.020634 0.597497 0.123996
1403638539.827830 -50.926553 112.631836 -20.650348 0.793559 -0.019334 0.595339 0.124346
1403638539.927830 -51.635209 114.384645 -20.880418 0.797589 -0.019044 0.590075 0.123693
1403638540.027829 -52.346880 116.154474 -21.112548 0.803224 -0.020163 0.582480 0.123054
1403638540.127830 -53.059832 117.941548 -21.347136 0.809244 -0.020783 0.573974 0.123476
1403638540.227829 -53.771509 119.745985 -21.582174 0.809025 -0.019261 0.574148 0.124347
1403638540.327830 -54.482668 121.568078 -21.816679 0.802385 -0.016912 0.583309 0.125068
1403638540.427830 -55.195484 123.408099 -22.054664 0.797629 -0.011959 0.590010 0.124632
1403638540.527829 -55.911624 125.267725 -22.296669 0.797718 -0.002889 0.590971 0.119962
1403638540.627830 -56.631078 127.147213 -22.541478 0.798958 0.011526 0.590711 0.112218
1403638540.727829 -57.354121 129.046565 -22.788475 0.799156 0.033466 0.590693 0.106354
1403638540.827830 -58.081393 130.967300 -23.038948 0.799877 0.060213 0.588903 0.098813
1403638540.927830 -58.813292 132.910600 -23.294493 0.800593 0.088716 0.585958 0.088503
1403638541.027829 -59.550443 134.876533 -23.555366 0.800731 0.111832 0.583730 0.074712
1403638541.127830 -60.293212 136.864275 -23.822169 0.799822 0.128720 0.582846 0.063290
1403638541.227829 -61.041304 138.873210 -24.096208 0.799770 0.139989 0.581024 0.056405
1403638541.327830 -61.795314 140.905456 -24.370597 0.799518 0.146134 0.580181 0.052977
1403638541.427830 -62.556081 142.961993 -24.642665 0.799697 0.147555 0.579759 0.050906
1403638541.527829 -63.323691 145.042892 -24.912757 0.798188 0.148662 0.581419 0.052422
1403638541.627830 -64.095752 147.150390 -25.179552 0.796565 0.151391 0.583011 0.051614
1403638541.727829 -64.874344 149.284943 -25.443235 0.795379 0.156284 0.583899 0.044825
1403638541.827830 -65.661250 151.444689 -25.704371 0.795630 0.163216 0.582446 0.033010
1403638541.927830 -66.456795 153.627194 -25.967890 0.795931 0.175091 0.579101 0.021866
1403638542.027829 -67.259574 155.829910 -26.240282 0.795849 0.190967 0.574514 0.009490
1403638542.127830 -68.069481 158.051993 -26.521627 0.794737 0.210349 0.569329 -0.003217
1403638542.227829 -68.886239 160.293948 -26.811717 0.792994 0.231548 0.563208 -0.018520
1403638542.327830 -69.709473 162.555752 -27.109625 0.789907 0.255294 0.556623 -0.032306
1403638542.427830 -70.538797 164.837713 -27.412469 0.779883 0.277091 0.559651 -0.042358
1403638542.527829 -71.376324 167.139600 -27.720982 0.766377 0.297853 0.567515 -0.043325
1403638542.627830 -72.225451 169.464247 -28.033232 0.757674 0.313302 0.571066 -0.040680
1403638542.727829 -73.089635 171.814022 -28.345174 0.758438 0.317575 0.567406 -0.044372
1403638542.827830 -73.968873 174.189647 -28.654216 0.763892 0.314433 0.561031 -0.053348
1403638542.927830 -74.861628 176.588559 -28.961183 0.769950 0.310656 0.554252 -0.058947
1403638543.027829 -75.766231 179.009748 -29.265610 0.774146 0.307634 0.549781 -0.061649
1403638543.127830 -76.678377 181.452295 -29.575275 0.776387 0.304501 0.548168 -0.063357
1403638543.227829 -77.597286 183.914970 -29.893981 0.776890 0.303095 0.548329 -0.062527
1403638543.327830 -78.523118 186.397077 -30.221835 0.777220 0.301060 0.548988 -0.062482
1403638543.427830 -79.455945 188.899683 -30.557016 0.777153 0.302682 0.548092 -0.063347
1403638543.527829 -80.395576 191.422793 -30.899404 0.775844 0.310070 0.545378 -0.066980
1403638543.627830 -81.343355 193.966945 -31.248651 0.772174 0.325720 0.540843 -0.071712
1403638543.727829 -82.299862 196.533810 -31.602495 0.766678 0.345377 0.535177 -0.080652
1403638543.827830 -83.265121 199.125110 -31.954634 0.758395 0.368827 0.529780 -0.090205
1403638543.927830 -84.239330 201.742464 -32.302491 0.750984 0.389764 0.522727 -0.104225
1403638544.027829 -85.222408 204.384063 -32.647582 0.746486 0.404332 0.514983 -0.118605
1403638544.127830 -86.213554 207.047693 -32.994320 0.744556 0.413582 0.507638 -0.129962
1403638544.227829 -87.210856 209.732337 -33.348090 0.742783 0.418198 0.503983 -0.139232
1403638544.327830 -88.214117 212.436173 -33.711548 0.741468 0.421554 0.501969 -0.143335
1403638544.427830 -89.223773 215.159796 -34.083119 0.742095 0.422710 0.499858 -0.144062
1403638544.527829 -90.239442 217.904542 -34.460500 0.740948 0.423128 0.501516 -0.142968
1403638544.627830 -91.263488 220.671883 -34.838911 0.735616 0.423625 0.507609 -0.147458
1403638544.727829 -92.296228 223.462198 -35.214396 0.731113 0.424655 0.512169 -0.151080
1403638544.827830 -93.338629 226.271527 -35.591892 0.732741 0.426332 0.508882 -0.149568
1403638544.927830 -94.389057 229.100122 -35.977190 0.735570 0.427307 0.504455 -0.147888
1403638545.027829 -95.447482 231.948847 -36.370572 0.734929 0.427728 0.504713 -0.148975
1403638545.127830 -96.513734 234.817126 -36.772469 0.733739 0.428258 0.505783 -0.149683
1403638545.227829 -97.588162 237.703922 -37.183879 0.733772 0.429880 0.504841 -0.148045
1403638545.327830 -98.671055 240.610908 -37.603180 0.731443 0.430791 0.507297 -0.148526
1403638545.427830 -99.763522 243.537304 -38.030760 0.730334 0.430405 0.508684 -0.150347
1403638545.527829 -100.866988 246.484720 -38.461987 0.729317 0.434003 0.506248 -0.153139
1403638545.627830 -101.981697 249.455571 -38.891561 0.726843 0.442758 0.500101 -0.159887
1403638545.727829 -103.106461 252.449676 -39.317673 0.721988 0.456757 0.491869 -0.167844
1403638545.827830 -104.241644 255.466798 -39.739802 0.713213 0.475292 0.483483 -0.177955
1403638545.927830 -105.387990 258.506933 -40.158356 0.703490 0.496339 0.472575 -0.188208
1403638546.027829 -106.544936 261.569729 -40.573731 0.692918 0.516849 0.462621 -0.196757
1403638546.127830 -107.711774 264.654299 -40.993122 0.683382 0.533024 0.455625 -0.203175
1403638546.227829 -108.888626 267.760889 -41.422790 0.678048 0.542371 0.449239 -0.210402
1403638546.327830 -110.075448 270.889441 -41.862539 0.675640 0.547133 0.444225 -0.216380
1403638546.427830 -111.272050 274.040094 -42.311749 0.675800 0.548208 0.440352 -0.221028
1403638546.527829 -112.478503 277.213147 -42.768295 0.674736 0.550131 0.439064 -0.222060
1403638546.627830 -113.696175 280.411053 -43.224965 0.671222 0.555269 0.436975 -0.224030
1403638546.727829 -114.925710 283.634299 -43.678199 0.666781 0.561274 0.434178 -0.227736
1403638546.827830 -116.167156 286.885509 -44.124839 0.662514 0.567170 0.432671 -0.228449
1403638546.927830 -117.420170 290.161804 -44.571072 0.659440 0.571420 0.431803 -0.228393
1403638547.027829 -118.684789 293.459562 -45.026280 0.656020 0.575422 0.432551 -0.226776
1403638547.127830 -119.961148 296.780011 -45.491702 0.652793 0.579401 0.434138 -0.222890
1403638547.227829 -121.250664 300.123174 -45.966506 0.651039 0.581540 0.435026 -0.220706
1403638547.327830 -122.554329 303.489601 -46.448709 0.649797 0.582412 0.436535 -0.219084
1403638547.427830 -123.872705 306.879006 -46.939017 0.653618 0.578469 0.433600 -0.223935
1403638547.527829 -125.204144 310.291507 -47.436536 0.657335 0.574373 0.431104 -0.228377
1403638547.627830 -126.547056 313.726529 -47.942763 0.659728 0.571692 0.430079 -0.230129
1403638547.727829 -127.900867 317.183943 -48.457380 0.659600 0.571454 0.431462 -0.228494
1403638547.827830 -129.266581 320.663978 -48.979830 0.656636 0.573966 0.435007 -0.223965
1403638547.927830 -130.645571 324.167248 -49.508517 0.656086 0.574114 0.435945 -0.223375
1403638548.027829 -132.039256 327.696043 -50.036193 0.655563 0.575259 0.434639 -0.224505
1403638548.127830 -133.447916 331.251751 -50.561093 0.653317 0.579211 0.431076 -0.227740
1403638548.227829 -134.871889 334.833453 -51.082672 0.649044 0.585959 0.425179 -0.233702
1403638548.327830 -136.311141 338.438673 -51.600975 0.642485 0.595839 0.417057 -0.241354
1403638548.427830 -137.765372 342.069445 -52.115400 0.634347 0.608118 0.407458 -0.248545
1403638548.527829 -139.232425 345.723426 -52.631803 0.627141 0.616992 0.400254 -0.256539
1403638548.627830 -140.711135 349.399545 -53.156805 0.620712 0.624269 0.395503 -0.261880
1403638548.727829 -142.201541 353.097583 -53.689829 0.616716 0.629021 0.391723 -0.265606
1403638548.827830 -143.704799 356.818351 -54.225475 0.614072 0.632256 0.389078 -0.267929
1403638548.927830 -145.221948 360.564791 -54.758059 0.612483 0.633750 0.387869 -0.269784
1403638549.027829 -146.753099 364.334019 -55.288758 0.611539 0.635542 0.387172 -0.268707
1403638549.127830 -148.298384 368.124810 -55.817993 0.611974 0.634314 0.386987 -0.270877
1403638549.227829 -149.857500 371.939922 -56.345245 0.611767 0.634016 0.387605 -0.271159
1403638549.327830 -151.429944 375.781022 -56.872284 0.612850 0.632348 0.387589 -0.272628
1403638549.427830 -153.015529 379.644172 -57.401791 0.614054 0.630062 0.387748 -0.274973
1403638549.527829 -154.613140 383.528682 -57.940421 0.615082 0.628754 0.387758 -0.275656
1403638549.627830 -156.222359 387.433898 -58.487476 0.614030 0.627363 0.390254 -0.277642
1403638549.727829 -157.842455 391.359209 -59.040835 0.612860 0.627628 0.392527 -0.276420
1403638549.827830 -159.475381 395.307364 -59.595355 0.614323 0.627142 0.391076 -0.276333
1403638549.927830 -161.121500 399.281624 -60.145745 0.614722 0.627836 0.390899 -0.274112
1403638550.027829 -162.780855 403.282983 -60.692903 0.615509 0.627282 0.390214 -0.274588
1403638550.127830 -164.453394 407.310357 -61.236156 0.616389 0.626785 0.388996 -0.275476
1403638550.227829 -166.139258 411.360345 -61.775526 0.615922 0.627629 0.388674 -0.275054
1403638550.327830 -167.838508 415.433905 -62.311461 0.614693 0.628596 0.389656 -0.274203
1403638550.427830 -169.549958 419.528413 -62.853799 0.614163 0.628061 0.389933 -0.276215
1403638550.527829 -171.272707 423.642871 -63.407519 0.615553 0.626601 0.388383 -0.278612
1403638550.627830 -173.006002 427.778211 -63.969696 0.614919 0.624182 0.389954 -0.283208
1403638550.727829 -174.749761 431.932884 -64.539272 0.613693 0.621964 0.392229 -0.287574
1403638550.827830 -176.503635 436.106291 -65.115336 0.611198 0.620119 0.396411 -0.291114
1403638550.927830 -178.268210 440.297756 -65.696776 0.606452 0.616838 0.403805 -0.297773
1403638551.027829 -180.044081 444.504939 -66.285057 0.603215 0.614141 0.408695 -0.303202
1403638551.127830 -181.831340 448.725971 -66.876548 0.602250 0.612297 0.410431 -0.306486
1403638551.227829 -183.630577 452.960399 -67.465508 0.602884 0.610526 0.409327 -0.310225
1403638551.327830 -185.440257 457.208171 -68.051417 0.606868 0.609162 0.407825 -0.307102
1403638551.427830 -187.258793 461.468269 -68.639511 0.616195 0.601969 0.409222 -0.300788
1403638551.527829 -189.084829 465.742700 -69.233902 0.629103 0.588713 0.414426 -0.293082
1403638551.627830 -190.918263 470.032313 -69.835647 0.643600 0.570543 0.421933 -0.286762
1403638551.727829 -192.758161 474.337991 -70.443422 0.656478 0.552029 0.432012 -0.278686
1403638551.827830 -194.604259 478.658757 -71.058036 0.667208 0.534198 0.443960 -0.269008
1403638551.927830 -196.458231 482.994632 -71.674183 0.671018 0.523627 0.457777 -0.256887
1403638552.027829 -198.322225 487.347251 -72.285485 0.670114 0.517912 0.471279 -0.246191
1403638552.127830 -200.199297 491.714887 -72.892847 0.671428 0.514077 0.477663 -0.238220
1403638552.227829 -202.089486 496.098875 -73.497853 0.675661 0.511509 0.476984 -0.233082
1403638552.327830 -203.992021 500.499716 -74.103167 0.677892 0.510116 0.476488 -0.230658
1403638552.427830 -205.906484 504.916816 -74.714127 0.676351 0.506118 0.479979 -0.236673
1403638552.527829 -207.832079 509.347983 -75.332548 0.672829 0.502709 0.484915 -0.243808
1403638552.627830 -209.769635 513.791327 -75.958233 0.669144 0.502189 0.488736 -0.247366
1403638552.727829 -211.719140 518.245014 -76.592040 0.668218 0.504138 0.488277 -0.246809
1403638552.827830 -213.680885 522.709758 -77.232275 0.666782 0.507226 0.487882 -0.245143
1403638552.927830 -215.655300 527.186483 -77.878913 0.664833 0.512666 0.487091 -0.240650
1403638553.027829 -217.643397 531.675874 -78.532455 0.661808 0.518522 0.487608 -0.235336
1403638553.127830 -219.647080 536.180229 -79.192294 0.658566 0.521318 0.488862 -0.235651
1403638553.227829 -221.666927 540.699332 -79.856608 0.653551 0.519177 0.493593 -0.244320
1403638554.427830 -0.376035 -0.923597 0.255822 0.815115 0.026014 0.578715 0.000683
1403638554.527829 -0.438162 -0.999817 0.263331 0.816425 0.026469 0.576842 0.001512
1403638554.627830 -0.500086 -1.072034 0.267797 0.817013 0.024093 0.576111 -0.002273
1403638554.727829 -0.562598 -1.141166 0.276570 0.815600 0.020431 0.578207 -0.007540
1403638554.827830 -0.625329 -1.208445 0.288453 0.814693 0.017669 0.579499 -0.012002
1403638554.927830 -0.686271 -1.274959 0.303217 0.813412 0.015308 0.581303 -0.014629
1403638555.027829 -0.747520 -1.341604 0.314003 0.812308 0.010646 0.582970 -0.013713
1403638555.127830 -0.810136 -1.409230 0.317375 0.813089 0.003793 0.582090 -0.006609
1403638555.227829 -0.873445 -1.477327 0.314001 0.813761 -0.007123 0.581155 0.000211
1403638555.327830 -0.937756 -1.544808 0.305366 0.813932 -0.015989 0.580694 0.007271
1403638555.427830 -1.001673 -1.611879 0.293835 0.813876 -0.019872 0.580455 0.016812
1403638555.527829 -1.065649 -1.677605 0.277958 0.813371 -0.024237 0.580864 0.020909
1403638555.627830 -1.130413 -1.741519 0.262313 0.813274 -0.026260 0.580793 0.023974
1403638555.727829 -1.197363 -1.803696 0.254748 0.813671 -0.028384 0.580161 0.023382
1403638555.827830 -1.266862 -1.864257 0.257396 0.814557 -0.027806 0.578895 0.024577
1403638555.927830 -1.337326 -1.923242 0.264321 0.815115 -0.026529 0.578108 0.025959
1403638556.027829 -1.404312 -1.980522 0.276514 0.814862 -0.024888 0.578462 0.027611
1403638556.127830 -1.470914 -2.035915 0.287473 0.817071 -0.025324 0.575341 0.027134
1403638556.227829 -1.537275 -2.089868 0.290703 0.821512 -0.027169 0.568977 0.025406
1403638556.327830 -1.601779 -2.142081 0.288450 0.823959 -0.028346 0.565420 0.024256
1403638556.427830 -1.663114 -2.192640 0.283244 0.825912 -0.029043 0.562553 0.023655
1403638556.527829 -1.719911 -2.241938 0.276730 0.829534 -0.030231 0.557144 0.023458
1403638556.627830 -1.772004 -2.289970 0.270637 0.829879 -0.035160 0.556547 0.017899
1403638556.727829 -1.820492 -2.338200 0.268775 0.825982 -0.039807 0.562145 0.012704
1403638556.827830 -1.869161 -2.387899 0.274074 0.821031 -0.041726 0.569265 0.010232
1403638556.927830 -1.914974 -2.439887 0.285493 0.817886 -0.043772 0.573660 0.007758
1403638557.027829 -1.959597 -2.494168 0.295459 0.816396 -0.043613 0.575787 0.008035
1403638557.127830 -2.003782 -2.550604 0.298478 0.816117 -0.040923 0.576319 0.011660
1403638557.227829 -2.047639 -2.608275 0.294201 0.815528 -0.039395 0.577211 0.013790
1403638557.327830 -2.091484 -2.666868 0.283907 0.815440 -0.038048 0.577378 0.015633
1403638557.427830 -2.135563 -2.725886 0.273247 0.815367 -0.034611 0.577556 0.020198
1403638557.527829 -2.179322 -2.783975 0.267400 0.815444 -0.029654 0.577423 0.027474
1403638557.627830 -2.224990 -2.838965 0.266576 0.814910 -0.026525 0.578078 0.032292
1403638557.727829 -2.269527 -2.889842 0.269316 0.814649 -0.025747 0.578377 0.034121
1403638557.827830 -2.314133 -2.936336 0.269482 0.814771 -0.025168 0.578081 0.036584
1403638557.927830 -2.358802 -2.978426 0.262333 0.815898 -0.024145 0.576367 0.039093
1403638558.027829 -2.403466 -3.016031 0.247243 0.818677 -0.025073 0.572412 0.038523
1403638558.127830 -2.447762 -3.049327 0.225576 0.823406 -0.027559 0.565613 0.036410
1403638558.227829 -2.489607 -3.078611 0.204490 0.829308 -0.030436 0.556920 0.034087
1403638558.327830 -2.526366 -3.104192 0.190477 0.832022 -0.029805 0.552733 0.036580
1403638558.427830 -2.557629 -3.124955 0.187368 0.836025 -0.028616 0.546482 0.040021
1403638558.527829 -2.582420 -3.140578 0.190836 0.839518 -0.029476 0.541010 0.040620
1403638558.627830 -2.598534 -3.151589 0.201745 0.838254 -0.033496 0.543036 0.036324
1403638558.727829 -2.606831 -3.158999 0.216086 0.834166 -0.040166 0.549328 0.028165
1403638558.827830 -2.610094 -3.165523 0.225293 0.831228 -0.043398 0.553680 0.024818
1403638558.927830 -2.609785 -3.171718 0.227080 0.828189 -0.042141 0.558187 0.027454
1403638559.027829 -2.606488 -3.177307 0.221817 0.823766 -0.039273 0.564678 0.031720
1403638559.127830 -2.601205 -3.180770 0.209067 0.820380 -0.037328 0.569570 0.034265
1403638559.227829 -2.595440 -3.181633 0.189657 0.818476 -0.034255 0.572275 0.037750
1403638559.327830 -2.589892 -3.178986 0.163766 0.817643 -0.031350 0.573401 0.041081
1403638559.427830 -2.585731 -3.171711 0.131274 0.817485 -0.027017 0.573428 0.046574
1403638559.527829 -2.582547 -3.158094 0.092442 0.816690 -0.024853 0.574433 0.049260
1403638559.627830 -2.579779 -3.138206 0.048176 0.815551 -0.023472 0.576018 0.050284
1403638559.727829 -2.578465 -3.111213 0.003230 0.815074 -0.022575 0.576704 0.050569
1403638559.827830 -2.578485 -3.076118 -0.037117 0.815526 -0.023026 0.576190 0.048909
1403638559.927830 -2.578333 -3.034382 -0.073373 0.814825 -0.025856 0.577016 0.049432
1403638560.027829 -2.580119 -2.987942 -0.114494 0.813861 -0.037170 0.577389 0.053572
1403638560.127830 -2.583708 -2.937302 -0.162884 0.811632 -0.055499 0.578097 0.063059
1403638560.227829 -2.588835 -2.883433 -0.218225 0.808304 -0.077918 0.578428 0.077418
1403638560.327830 -2.596899 -2.825379 -0.276595 0.801698 -0.102017 0.581420 0.093928
1403638560.427830 -2.608585 -2.762077 -0.338241 0.793217 -0.126974 0.585133 0.110922
1403638560.527829 -2.625414 -2.693128 -0.404596 0.784224 -0.152679 0.587647 0.127883
1403638560.627830 -2.648583 -2.618533 -0.476182 0.775682 -0.181620 0.587948 0.140172
1403638560.727829 -2.679115 -2.538752 -0.549315 0.767412 -0.210128 0.587343 0.148168
1403638560.827830 -2.720165 -2.454104 -0.616634 0.759366 -0.233403 0.585978 0.159737
1403638560.927830 -2.771568 -2.365639 -0.677482 0.750138 -0.255413 0.585290 0.171734
1403638561.027829 -2.833262 -2.274087 -0.730398 0.739854 -0.273198 0.585433 0.187745
1403638561.127830 -2.907266 -2.177418 -0.777304 0.729872 -0.290534 0.584981 0.201677
1403638561.227829 -2.992857 -2.074599 -0.819282 0.721049 -0.304045 0.585036 0.213021
1403638561.327830 -3.090527 -1.964375 -0.856521 0.716037 -0.313281 0.583752 0.219955
1403638561.427830 -3.198932 -1.848015 -0.896818 0.720921 -0.317128 0.572789 0.227188
1403638561.527829 -3.315605 -1.725866 -0.943362 0.727232 -0.316355 0.561876 0.235264
1403638561.627830 -3.437569 -1.598126 -0.996957 0.731499 -0.315350 0.555177 0.239253
1403638561.727829 -3.563829 -1.464014 -1.055982 0.733500 -0.314082 0.552952 0.239948
1403638561.827830 -3.694107 -1.324042 -1.120705 0.734086 -0.312369 0.552379 0.241705
1403638561.927830 -3.828834 -1.178585 -1.191545 0.733107 -0.313498 0.550988 0.246345
1403638562.027829 -3.967199 -1.027047 -1.265309 0.729525 -0.320550 0.549144 0.251956
1403638562.127830 -4.110935 -0.867666 -1.333022 0.724980 -0.329859 0.546271 0.259200
1403638562.227829 -4.257985 -0.699721 -1.396421 0.720845 -0.337472 0.543719 0.266206
1403638562.327830 -4.406710 -0.525091 -1.454399 0.715622 -0.346237 0.541973 0.272529
1403638562.427830 -4.560296 -0.341828 -1.508927 0.708158 -0.358380 0.540185 0.279779
1403638562.527829 -4.716969 -0.153384 -1.558129 0.699584 -0.374683 0.536107 0.287723
1403638562.627830 -4.877314 0.040326 -1.601734 0.687445 -0.394098 0.533346 0.296053
1403638562.727829 -5.042928 0.239519 -1.643076 0.674249 -0.415736 0.529442 0.303716
1403638562.827830 -5.215065 0.444635 -1.686656 0.660013 -0.437440 0.524288 0.313291
1403638562.927830 -5.394350 0.655620 -1.736622 0.646519 -0.457723 0.517032 0.324316
1403638563.027829 -5.580070 0.872264 -1.792692 0.632750 -0.476332 0.510931 0.334193
1403638563.127830 -5.772811 1.094963 -1.855188 0.618526 -0.495945 0.506518 0.338974
1403638563.227829 -5.974107 1.323425 -1.922182 0.607459 -0.507757 0.500336 0.350485
1403638563.327830 -6.182949 1.558659 -1.994394 0.597072 -0.513760 0.498919 0.361436
1403638563.427830 -6.399927 1.802127 -2.071306 0.585007 -0.515021 0.505067 0.370711
1403638563.527829 -6.625181 2.056472 -2.154183 0.581558 -0.515860 0.504908 0.375162
1403638563.627830 -6.859870 2.322961 -2.234573 0.584165 -0.516994 0.499910 0.376242
1403638563.727829 -7.103547 2.601790 -2.309028 0.586149 -0.519270 0.498211 0.372256
1403638563.827830 -7.356165 2.890259 -2.377228 0.587241 -0.520141 0.498845 0.368450
1403638563.927830 -7.617346 3.188373 -2.437833 0.587371 -0.518882 0.501360 0.366600
1403638564.027829 -7.887717 3.495749 -2.497483 0.588315 -0.516870 0.504001 0.364300
1403638564.127830 -8.167156 3.812219 -2.562861 0.590135 -0.514117 0.506128 0.362297
1403638564.227829 -8.455898 4.136940 -2.633814 0.592677 -0.509386 0.507274 0.363226
1403638564.327830 -8.753370 4.470850 -2.704659 0.595486 -0.503719 0.507361 0.366399
1403638564.427830 -9.059290 4.814366 -2.769900 0.596102 -0.499438 0.509603 0.368143
1403638564.527829 -9.373602 5.169135 -2.830395 0.597413 -0.497643 0.510220 0.367593
1403638564.627830 -9.695741 5.535514 -2.890939 0.598642 -0.499687 0.510259 0.362735
1403638564.727829 -10.026230 5.911782 -2.957898 0.597846 -0.503073 0.511423 0.357693
1403638564.827830 -10.365001 6.296737 -3.032306 0.596124 -0.505674 0.512569 0.355251
1403638564.927830 -10.711519 6.688476 -3.120622 0.593923 -0.507108 0.514443 0.354183
1403638565.027829 -11.066263 7.088074 -3.228816 0.593255 -0.507884 0.515032 0.353332
1403638565.127830 -11.428437 7.492729 -3.353216 0.593357 -0.508828 0.514696 0.352291
1403638565.227829 -11.798563 7.902505 -3.489708 0.594204 -0.509103 0.513481 0.352240
1403638565.327830 -12.177579 8.319066 -3.630749 0.595305 -0.509112 0.511127 0.353789
1403638565.427830 -12.563424 8.742741 -3.774350 0.596636 -0.508767 0.508819 0.355365
1403638565.527829 -12.957673 9.173703 -3.915484 0.595699 -0.506350 0.507730 0.361887
1403638565.627830 -13.358779 9.612491 -4.048654 0.596184 -0.502856 0.504406 0.370507
1403638565.727829 -13.764130 10.060467 -4.174687 0.600515 -0.498840 0.496092 0.380043
1403638565.827830 -14.171356 10.519481 -4.294295 0.604204 -0.498922 0.489147 0.383080
1403638565.927830 -14.579494 10.989767 -4.407926 0.607062 -0.499060 0.482891 0.386304
1403638566.027829 -14.986355 11.468595 -4.523428 0.607252 -0.500716 0.481044 0.386167
1403638566.127830 -15.391421 11.955027 -4.646684 0.606940 -0.501255 0.480519 0.386612
1403638566.227829 -15.795725 12.449463 -4.779256 0.606583 -0.501020 0.480548 0.387440
1403638566.327830 -16.198438 12.949646 -4.919945 0.607270 -0.501712 0.479771 0.386430
1403638566.427830 -16.599872 13.456838 -5.068277 0.607708 -0.500731 0.480107 0.386596
1403638566.527829 -17.000247 13.969165 -5.222156 0.608211 -0.500445 0.481003 0.385059
1403638566.627830 -17.399461 14.487703 -5.383748 0.614221 -0.503735 0.475078 0.378529
1403638566.727829 -17.797195 15.010601 -5.552234 0.624864 -0.510734 0.462104 0.367635
1403638566.827830 -18.192603 15.533738 -5.724089 0.634578 -0.514482 0.450649 0.359909
1403638566.927830 -18.585653 16.056241 -5.899105 0.641128 -0.516417 0.443398 0.354495
1403638567.027829 -18.975409 16.576427 -6.075711 0.641656 -0.515264 0.444308 0.354078
1403638567.127830 -19.361736 17.094813 -6.249597 0.632577 -0.505250 0.458050 0.367096
1403638567.227829 -19.745178 17.613819 -6.428738 0.624013 -0.496821 0.469688 0.378379
1403638567.327830 -20.126927 18.137702 -6.614452 0.619902 -0.492329 0.473775 0.385838
1403638567.427830 -20.506804 18.669304 -6.801332 0.619149 -0.492351 0.472766 0.388248
1403638567.527829 -20.884816 19.208804 -6.984222 0.620367 -0.494980 0.468871 0.387684
1403638567.627830 -21.260758 19.756440 -7.159807 0.622661 -0.498456 0.463222 0.386342
1403638567.727829 -21.632968 20.309648 -7.326811 0.624644 -0.501146 0.457949 0.385946
1403638567.827830 -22.000558 20.867988 -7.485793 0.627461 -0.504192 0.452095 0.384309
1403638567.927830 -22.362796 21.428035 -7.638380 0.626981 -0.507313 0.451719 0.381415
1403638568.027829 -22.721144 21.990455 -7.785476 0.627212 -0.507985 0.450071 0.382090
1403638568.127830 -23.075100 22.555712 -7.923935 0.627125 -0.506470 0.449104 0.385368
1403638568.227829 -23.425013 23.126264 -8.054937 0.626925 -0.505368 0.448353 0.388005
1403638568.327830 -23.770727 23.700970 -8.182434 0.626803 -0.505644 0.447453 0.388881
1403638568.427830 -24.112162 24.279152 -8.313743 0.627415 -0.506897 0.445788 0.388175
1403638568.527829 -24.449234 24.860631 -8.449988 0.628124 -0.507175 0.444218 0.388463
1403638568.627830 -24.781009 25.444360 -8.589169 0.629512 -0.508058 0.441781 0.387841
1403638568.727829 -25.107822 26.030453 -8.728879 0.631430 -0.507811 0.438932 0.388283
1403638568.827830 -25.429029 26.620086 -8.862848 0.630649 -0.508676 0.440098 0.387098
1403638568.927830 -25.744816 27.213175 -8.989591 0.630820 -0.508268 0.439302 0.388256
1403638569.027829 -26.055331 27.808548 -9.108052 0.629945 -0.507851 0.440094 0.389325
1403638569.127830 -26.360983 28.406886 -9.219323 0.630579 -0.507117 0.438737 0.390784
1403638569.227829 -26.661518 29.009454 -9.326580 0.632190 -0.507556 0.435473 0.391261
1403638569.327830 -26.956750 29.615681 -9.437434 0.632720 -0.507986 0.433729 0.391783
1403638569.427830 -27.246918 30.224218 -9.553510 0.632061 -0.507071 0.434008 0.393721
1403638569.527829 -27.531664 30.835329 -9.674618 0.631075 -0.506132 0.435232 0.395155
1403638569.627830 -27.811479 31.450638 -9.795312 0.629404 -0.505776 0.437005 0.396318
1403638569.727829 -28.086194 32.071880 -9.909980 0.628674 -0.504989 0.437338 0.398109
1403638569.827830 -28.355403 32.698911 -10.019162 0.628259 -0.504294 0.437954 0.398967
1403638569.927830 -28.620082 33.332170 -10.123962 0.626948 -0.502669 0.439179 0.401725
1403638570.027829 -28.880324 33.971538 -10.229312 0.625103 -0.502871 0.441875 0.401390
1403638570.127830 -29.136344 34.616595 -10.341144 0.623724 -0.504790 0.443949 0.398829
1403638570.227829 -29.389310 35.267424 -10.459649 0.621310 -0.507074 0.448328 0.394780
1403638570.327830 -29.640557 35.923994 -10.584077 0.617303 -0.511750 0.454181 0.388289
1403638570.427830 -29.893021 36.585353 -10.714037 0.610812 -0.519558 0.456551 0.385396
1403638570.527829 -30.148579 37.251026 -10.850740 0.596488 -0.536034 0.460819 0.380151
1403638570.627830 -30.410864 37.921542 -10.993895 0.575733 -0.556721 0.465096 0.377199
1403638570.727829 -30.682938 38.596537 -11.141194 -0.552255 0.573560 -0.467029 -0.384613
1403638570.827830 -30.966695 39.278871 -11.290579 -0.525250 0.587133 -0.470193 -0.397877
1403638570.927830 -31.262990 39.971599 -11.443225 -0.502900 0.599266 -0.466929 -0.412250
1403638571.027829 -31.572581 40.676197 -11.600056 -0.484070 0.612083 -0.459153 -0.424511
1403638571.127830 -31.894117 41.393994 -11.760830 -0.474633 0.626139 -0.440095 -0.434729
1403638571.227829 -32.225996 42.125843 -11.915559 -0.470614 0.635322 -0.419630 -0.445869
1403638571.327830 -32.565975 42.869277 -12.061437 -0.467351 0.640081 -0.403910 -0.456876
1403638571.427830 -32.910982 43.623691 -12.199023 -0.461602 0.643777 -0.398301 -0.462419
1403638571.527829 -33.260518 44.389819 -12.330519 -0.456780 0.644670 -0.395754 -0.468115
1403638571.627830 -33.614580 45.166844 -12.464658 -0.451192 0.649580 -0.389724 -0.471791
1403638571.727829 -33.972641 45.953768 -12.605887 -0.443688 0.659132 -0.380455 -0.473223
1403638571.827830 -34.334934 46.750283 -12.753349 -0.432853 0.670766 -0.370030 -0.475173
1403638571.927830 -34.701629 47.555091 -12.903303 -0.416882 0.683293 -0.362097 -0.477709
1403638572.027829 -35.073509 48.369986 -13.048470 -0.399396 0.694935 -0.353944 -0.481947
1403638572.127830 -35.450707 49.195724 -13.186188 -0.382060 0.704851 -0.344837 -0.488163
1403638572.227829 -35.832224 50.033878 -13.318165 -0.367991 0.713629 -0.329473 -0.496754
1403638572.327830 -36.217387 50.881676 -13.451548 0.353215 -0.725569 0.313473 0.500523
1403638572.427830 -36.606576 51.736678 -13.589538 0.338677 -0.736317 0.297374 0.504682
1403638572.527829 -36.998579 52.598081 -13.730666 0.328961 -0.742988 0.283216 0.509453
1403638572.627830 -37.393253 53.464634 -13.872458 0.321965 -0.746454 0.274602 0.513555
1403638572.727829 -37.791174 54.336670 -14.009839 0.319808 -0.748584 0.266177 0.516232
1403638572.827830 -38.191664 55.213387 -14.138500 0.321755 -0.749526 0.258129 0.517739
1403638572.927830 -38.594159 56.092842 -14.259676 0.323454 -0.750378 0.254634 0.517176
1403638573.027829 -38.997559 56.974956 -14.380319 0.325987 -0.751132 0.251769 0.515893
1403638573.127830 -39.401812 57.858885 -14.506854 0.328616 -0.751315 0.251098 0.514283
1403638573.227829 -39.807394 58.744673 -14.637441 0.330304 -0.750500 0.252324 0.513792
1403638573.327830 -40.214194 59.632521 -14.768050 0.332261 -0.749537 0.253501 0.513355
1403638573.427830 -40.622743 60.523048 -14.897626 0.332689 -0.750647 0.250696 0.512833
1403638573.527829 -41.032809 61.414685 -15.021009 0.332266 -0.750720 0.247535 0.514535
1403638573.627830 -41.443879 62.307732 -15.135595 0.331505 -0.750929 0.246127 0.515394
1403638573.727829 -41.854316 63.203802 -15.246081 0.329508 -0.752265 0.240985 0.517154
1403638573.827830 -42.265414 64.101043 -15.354180 0.320792 -0.751233 0.235385 0.526626
1403638573.927830 -42.675401 65.000980 -15.466882 0.304830 -0.750475 0.229319 0.539703
1403638574.027829 -43.082865 65.904755 -15.586741 0.278565 -0.753358 0.230118 0.549454
1403638574.127830 -43.486917 66.816665 -15.713429 0.246899 -0.757847 0.232373 0.557415
1403638574.227829 -43.888528 67.739875 -15.846330 0.215147 -0.763311 0.230279 0.563951
1403638574.327830 -44.287317 68.677633 -15.984367 0.189188 -0.770641 0.219008 0.567763
1403638574.427830 -44.683711 69.630020 -16.127241 0.168014 -0.778311 0.201183 0.570551
1403638574.527829 -45.077422 70.596784 -16.272746 0.148233 -0.785254 0.185066 0.571973
1403638574.627830 -45.468813 71.576928 -16.412856 0.133754 -0.788012 0.172893 0.575548
1403638574.727829 -45.858127 72.569786 -16.546424 0.128478 -0.789969 0.157077 0.578592
1403638574.827830 -46.243645 73.572549 -16.675287 0.128199 -0.793967 0.143752 0.576643
1403638574.927830 -46.626489 74.583519 -16.806414 0.127071 -0.799256 0.138421 0.570861
1403638575.027829 -47.007541 75.601959 -16.944148 0.125466 -0.802690 0.138765 0.566296
1403638575.127830 -47.387425 76.628063 -17.088890 0.120652 -0.804549 0.146097 0.562850
1403638575.227829 -47.767240 77.663404 -17.238894 0.117785 -0.804448 0.151813 0.562088
1403638575.327830 -48.147417 78.709122 -17.394047 0.117872 -0.805180 0.154712 0.560228
1403638575.427830 -48.528163 79.765314 -17.554878 0.122094 -0.808199 0.153440 0.555305
1403638575.527829 -48.910427 80.830536 -17.719119 0.127029 -0.809583 0.151670 0.552662
1403638575.627830 -49.294770 81.905208 -17.880976 0.134971 -0.810519 0.145305 0.551116
1403638575.727829 -49.681868 82.988031 -18.035813 0.142498 -0.811101 0.139048 0.549978
1403638575.827830 -50.070182 84.077465 -18.183420 0.148599 -0.812997 0.133234 0.546994
1403638575.927830 -50.460924 85.170332 -18.321311 0.150616 -0.813286 0.132938 0.546084
1403638576.027829 -50.853809 86.266897 -18.450185 0.151523 -0.812520 0.133121 0.546929
1403638576.127830 -51.247527 87.368036 -18.573098 0.151527 -0.811793 0.132744 0.548098
1403638576.227829 -51.643039 88.472653 -18.694213 0.151594 -0.809887 0.131956 0.551080
1403638576.327830 -52.039772 89.580679 -18.820951 0.154053 -0.808153 0.127255 0.554042
1403638576.427830 -52.437280 90.691453 -18.953887 0.156745 -0.807945 0.122039 0.554764
1403638576.527829 -52.835182 91.803975 -19.092265 0.161729 -0.807674 0.113598 0.555520
1403638576.627830 -53.232874 92.916559 -19.234921 0.165117 -0.807782 0.107305 0.555618
1403638576.727829 -53.629453 94.027480 -19.381287 0.165840 -0.805377 0.105946 0.559143
1403638576.827830 -54.024494 95.137280 -19.531776 0.164450 -0.799958 0.107380 0.567004
1403638576.927830 -54.415736 96.247187 -19.688004 0.159666 -0.796307 0.113427 0.572308
1403638577.027829 -54.802426 97.358256 -19.848349 0.153976 -0.795327 0.121294 0.573615
1403638577.127830 -55.184452 98.473656 -20.005186 0.149311 -0.794858 0.126984 0.574267
1403638577.227829 -55.562427 99.594416 -20.155449 0.146803 -0.795159 0.129799 0.573867
1403638577.327830 -55.938074 100.720189 -20.299116 0.150174 -0.794639 0.124376 0.574915
1403638577.427830 -56.309769 101.851140 -20.435539 0.156586 -0.794040 0.115189 0.575945
1403638577.527829 -56.677209 102.984400 -20.570525 0.157267 -0.794041 0.114154 0.575965
1403638577.627830 -57.040308 104.119995 -20.711396 0.155296 -0.794912 0.116872 0.574751
1403638577.727829 -57.398986 105.259294 -20.859236 0.154161 -0.795852 0.118664 0.573387
1403638577.827830 -57.755001 106.401829 -21.014926 0.153165 -0.796521 0.120782 0.572282
1403638577.927830 -58.108145 107.547914 -21.175384 0.153682 -0.796070 0.121014 0.572721
1403638578.027829 -58.457670 108.697585 -21.333925 0.154593 -0.795084 0.120621 0.573927
1403638578.127830 -58.804069 109.850601 -21.485640 0.152859 -0.794592 0.124684 0.574205
1403638578.227829 -59.148154 111.008354 -21.631646 0.145756 -0.794952 0.135879 0.573012
1403638578.327830 -59.491161 112.173203 -21.774895 0.140651 -0.795674 0.143396 0.571452
1403638578.427830 -59.831916 113.347200 -21.923765 0.139757 -0.795650 0.143590 0.571656
1403638578.527829 -60.170292 114.530307 -22.080134 0.138859 -0.795729 0.143463 0.571797
1403638578.627830 -60.505806 115.722484 -22.241270 0.138092 -0.795081 0.142809 0.573047
1403638578.727829 -60.838875 116.923960 -22.406815 0.140539 -0.794384 0.138026 0.574588
1403638578.827830 -61.168319 118.133380 -22.576556 0.145422 -0.794115 0.130313 0.575546
1403638578.927830 -61.494355 119.348731 -22.749161 0.147911 -0.792804 0.125879 0.577701
1403638579.027829 -61.816440 120.569485 -22.918598 0.149902 -0.791924 0.123883 0.578825
1403638579.127830 -62.136136 121.794380 -23.077612 0.150624 -0.791338 0.123691 0.579481
1403638579.227829 -62.450495 123.024645 -23.230354 0.150604 -0.791083 0.123944 0.579780
1403638579.327830 -62.759182 124.260713 -23.379664 0.148267 -0.791251 0.128056 0.579259
1403638579.427830 -63.064714 125.502816 -23.531800 0.141471 -0.792095 0.137944 0.577532
1403638579.527829 -63.366766 126.752654 -23.690555 0.137543 -0.791644 0.145320 0.577291
1403638579.627830 -63.665540 128.010893 -23.853855 0.140591 -0.783585 0.152024 0.585762
1403638579.727829 -63.958956 129.277729 -24.023162 0.155047 -0.774528 0.157347 0.592713
1403638579.827830 -64.244782 130.552797 -24.199568 0.179652 -0.768685 0.164334 0.591476
1403638579.927830 -64.522853 131.834662 -24.382869 0.210616 -0.763916 0.175876 0.584073
1403638580.027829 -64.794205 133.122420 -24.570711 0.243332 -0.751621 0.195527 0.581055
1403638580.127830 -65.056266 134.417944 -24.760806 0.276771 -0.731117 0.221602 0.582888
1403638580.227829 -65.307424 135.722281 -24.956420 0.312766 -0.712299 0.248695 0.577025
1403638580.327830 -65.548248 137.037578 -25.158967 0.347012 -0.698744 0.273931 0.562407
1403638580.427830 -65.781873 138.365164 -25.367320 0.371362 -0.691418 0.297003 0.543894
1403638580.527829 -66.011210 139.704603 -25.579298 0.387615 -0.685650 0.312928 0.530769
1403638580.627830 -66.236738 141.054730 -25.794007 0.403110 -0.680261 0.323482 0.519718
1403638580.727829 -66.458611 142.415411 -26.006851 0.421851 -0.675236 0.328974 0.507814
1403638580.827830 -66.677885 143.787340 -26.212253 0.436466 -0.670584 0.330304 0.500713
1403638580.927830 -66.894091 145.168959 -26.409734 -0.444998 0.667058 -0.331473 -0.497128
1403638581.027829 -67.108252 146.557563 -26.598823 -0.447231 0.666214 -0.334332 -0.494333
1403638581.127830 -67.320165 147.952722 -26.780292 -0.448629 0.665123 -0.333351 -0.495198
1403638581.227829 -67.529139 149.354218 -26.957694 -0.448938 0.664835 -0.330886 -0.496954
1403638581.327830 -67.734445 150.763244 -27.137406 -0.447995 0.665152 -0.327611 -0.499543
1403638581.427830 -67.935289 152.178895 -27.316246 0.445721 -0.664762 0.326226 0.502993
1403638581.527829 -68.131270 153.601368 -27.491684 0.443034 -0.665767 0.324522 0.505134
1403638581.627830 -68.323077 155.029180 -27.664295 0.440270 -0.665099 0.323145 0.509296
1403638581.727829 -68.510351 156.462549 -27.842141 0.436488 -0.661877 0.323964 0.516182
1403638581.827830 -68.692414 157.903130 -28.028448 0.434137 -0.661860 0.323667 0.518369
1403638581.927830 -68.868734 159.350870 -28.219743 0.429056 -0.656867 0.327888 0.526238
1403638582.027829 -69.038368 160.808110 -28.415440 0.426629 -0.653931 0.329522 0.530827
1403638582.127830 -69.201099 162.275479 -28.608959 0.429962 -0.660053 0.323929 0.523959
1403638582.227829 -69.357201 163.751288 -28.792226 0.433026 -0.666084 0.319102 0.516716
1403638582.327830 -69.507440 165.234329 -28.963327 0.432768 -0.663716 0.319126 0.519953
1403638582.427830 -69.652193 166.723871 -29.126492 0.431595 -0.660863 0.320522 0.523691
1403638582.527829 -69.790134 168.222045 -29.280389 0.431166 -0.659358 0.320871 0.525723
1403638582.627830 -69.921345 169.728217 -29.425035 0.431201 -0.658903 0.320404 0.526549
1403638582.727829 -70.045620 171.242461 -29.563397 0.432448 -0.661436 0.317994 0.523804
1403638582.827830 -70.163989 172.763409 -29.696322 0.432707 -0.663130 0.316559 0.522315
1403638582.927830 -70.276565 174.290849 -29.832792 0.432806 -0.664932 0.314936 0.520922
1403638583.027829 -70.384163 175.824471 -29.977777 0.433761 -0.668094 0.312144 0.517752
1403638583.127830 -70.487364 177.363868 -30.131005 0.434453 -0.670462 0.309829 0.515497
1403638583.227829 -70.586090 178.907580 -30.291794 0.434181 -0.672319 0.308912 0.513856
1403638583.327830 -70.680798 180.455233 -30.457973 0.434027 -0.672161 0.308477 0.514453
1403638583.427830 -70.771064 182.007451 -30.629316 0.433983 -0.672596 0.308142 0.514123
1403638583.527829 -70.856838 183.563626 -30.798572 0.434240 -0.673082 0.307558 0.513619
1403638583.627830 -70.937220 185.125393 -30.959814 0.434356 -0.672608 0.306923 0.514520
1403638583.727829 -71.011600 186.693443 -31.117047 0.434579 -0.671979 0.305963 0.515724
1403638583.827830 -71.081332 188.265766 -31.278664 0.434650 -0.671456 0.305625 0.516546
1403638583.927830 -71.146059 189.842292 -31.447670 0.433901 -0.670883 0.306598 0.517343
1403638584.027829 -71.205527 191.423934 -31.623796 0.433694 -0.669831 0.306425 0.518979
1403638584.127830 -71.259303 193.010999 -31.803317 0.430231 -0.662459 0.310734 0.528672
1403638584.227829 -71.306985 194.604474 -31.987576 0.424929 -0.652887 0.317832 0.540515
1403638584.327830 -71.347473 196.207181 -32.180271 0.421097 -0.647825 0.322645 0.546718
1403638584.427830 -71.379798 197.821275 -32.380760 0.420258 -0.647143 0.323536 0.547643
1403638584.527829 -71.403352 199.447166 -32.584304 0.419556 -0.647031 0.324252 0.547891
1403638584.627830 -71.418129 201.084959 -32.783271 0.420449 -0.647752 0.323213 0.546968
1403638584.727829 -71.423801 202.734096 -32.975051 0.422402 -0.651221 0.320963 0.542651
1403638584.827830 -71.421336 204.394155 -33.162388 0.426464 -0.659316 0.315685 0.532704
1403638584.927830 -71.412639 206.061890 -33.349144 0.428449 -0.666764 0.312469 0.523660
1403638585.027829 -71.399745 207.734861 -33.540816 0.429561 -0.669756 0.310436 0.520129
1403638585.127830 -71.383355 209.412448 -33.739341 0.428800 -0.670879 0.310779 0.519104
1403638585.227829 -71.363226 211.095471 -33.944124 0.427662 -0.670329 0.311708 0.520194
1403638585.327830 -71.339192 212.783596 -34.153614 0.426343 -0.667959 0.313253 0.523387
1403638585.427830 -71.311215 214.477906 -34.368747 0.425858 -0.667487 0.313843 0.524031
1403638585.527829 -71.279154 216.177713 -34.582032 0.426505 -0.668178 0.312374 0.523502
1403638585.627830 -71.243325 217.881740 -34.787627 0.427852 -0.669785 0.310635 0.521379
1403638585.727829 -71.203251 219.592392 -34.987098 0.430210 -0.673311 0.307047 0.517005
1403638585.827830 -71.159707 221.305770 -35.177584 0.432338 -0.678309 0.303516 0.510743
1403638585.927830 -71.114128 223.019603 -35.361123 0.432393 -0.682031 0.302573 0.506280
1403638586.027829 -71.066201 224.735925 -35.537914 0.429930 -0.680467 0.305047 0.508991
1403638586.127830 -71.016612 226.455204 -35.718478 0.427057 -0.677680 0.306939 0.513966
1403638586.227829 -70.964003 228.178952 -35.906079 0.425742 -0.675292 0.307898 0.517614
1403638586.327830 -70.908769 229.907719 -36.099182 0.424214 -0.671729 0.308645 0.523030
1403638586.427830 -70.849749 231.642211 -36.297581 0.424982 -0.666263 0.305613 0.531116
1403638586.527829 -70.785126 233.383016 -36.501387 0.426523 -0.662454 0.301617 0.536899
1403638586.627830 -70.713345 235.129822 -36.712475 0.425663 -0.664309 0.302572 0.534747
1403638586.727829 -70.635625 236.882512 -36.930015 0.423956 -0.666290 0.304812 0.532362
1403638586.827830 -70.552291 238.641033 -37.154291 0.422006 -0.667239 0.307707 0.531055
1403638586.927830 -70.463422 240.406080 -37.384635 0.421684 -0.666498 0.308301 0.531896
1403638587.027829 -70.369144 242.178065 -37.620209 0.421230 -0.666630 0.308921 0.531730
1403638587.127830 -70.269459 243.957155 -37.855702 0.420843 -0.667241 0.309052 0.531195
1403638587.227829 -70.163912 245.743555 -38.083544 0.422744 -0.668483 0.306812 0.529418
1403638587.327830 -70.052639 247.536115 -38.303541 0.423438 -0.670046 0.305083 0.527886
1403638587.427830 -69.935099 249.336316 -38.519778 0.423168 -0.671244 0.305227 0.526495
1403638587.527829 -69.813113 251.141178 -38.736575 0.422182 -0.671880 0.306130 0.525950
1403638587.627830 -69.687241 252.951592 -38.959048 0.421197 -0.672824 0.306482 0.525328
1403638587.727829 -69.557730 254.767440 -39.186996 0.420895 -0.672751 0.306172 0.525844
1403638587.827830 -69.424416 256.588648 -39.420470 0.419608 -0.673363 0.306773 0.525739
1403638587.927830 -69.287137 258.415541 -39.659002 0.418801 -0.673522 0.307142 0.525964
1403638588.027829 -69.146350 260.248460 -39.901561 0.418120 -0.673112 0.307776 0.526659
1403638588.127830 -69.002131 262.087355 -40.147785 0.419511 -0.671702 0.304933 0.529002
1403638588.227829 -68.853030 263.932394 -40.396760 0.422828 -0.668857 0.299354 0.533136
1403638588.327830 -68.696778 265.783189 -40.643460 0.423685 -0.668618 0.298089 0.533465
1403638588.427830 -68.533480 267.638986 -40.883028 0.423509 -0.668494 0.298176 0.533710
1403638588.527829 -68.362664 269.501142 -41.115262 0.422278 -0.669410 0.299821 0.532615
1403638588.627830 -68.184105 271.371932 -41.340379 0.420922 -0.669869 0.302051 0.531851
1403638588.727829 -67.998238 273.251202 -41.559938 0.418291 -0.670144 0.305517 0.531601
1403638588.827830 -67.807076 275.136724 -41.779635 0.417157 -0.670288 0.306520 0.531732
1403638588.927830 -67.611686 277.028727 -42.006546 0.415855 -0.671271 0.307326 0.531046
1403638589.027829 -67.412190 278.927663 -42.241987 0.415200 -0.671822 0.307049 0.531022
1403638589.127830 -67.208284 280.833112 -42.484936 0.415377 -0.671635 0.305500 0.532014
1403638589.227829 -66.999886 282.744941 -42.733345 0.414986 -0.671369 0.305570 0.532614
1403638589.327830 -66.787100 284.663669 -42.985702 0.414205 -0.670965 0.305932 0.533521
1403638589.427830 -66.568721 286.589924 -43.236231 0.413956 -0.671196 0.306182 0.533281
1403638589.527829 -66.345037 288.523649 -43.483020 0.414013 -0.671486 0.305832 0.533074
1403638589.627830 -66.115457 290.465546 -43.723546 0.413853 -0.671207 0.305553 0.533708
1403638589.727829 -65.880410 292.413984 -43.956177 0.414446 -0.673079 0.303941 0.531808
1403638589.827830 -65.640422 294.370103 -44.186695 0.414286 -0.674417 0.302936 0.530810
1403638589.927830 -65.396207 296.332152 -44.422594 0.414370 -0.674810 0.301189 0.531239
1403638590.027829 -65.147289 298.299862 -44.665109 0.412967 -0.675600 0.301912 0.530915
1403638590.127830 -64.893837 300.273508 -44.913053 0.412158 -0.675460 0.301627 0.531884
1403638590.227829 -64.636358 302.252462 -45.166283 0.411150 -0.675102 0.301871 0.532979
1403638590.327830 -64.374382 304.237660 -45.423799 0.410600 -0.675073 0.301931 0.533407
1403638590.427830 -64.107556 306.229070 -45.685462 0.411003 -0.676033 0.300196 0.532859
1403638590.527829 -63.835548 308.226944 -45.948317 0.410350 -0.676726 0.300711 0.532191
1403638590.627830 -63.558927 310.230873 -46.206961 0.411405 -0.678620 0.298959 0.529948
1403638590.727829 -63.278171 312.239471 -46.457101 0.411128 -0.680474 0.299186 0.527652
1403638590.827830 -62.992839 314.253820 -46.699931 0.411891 -0.681114 0.297757 0.527039
1403638590.927830 -62.704359 316.271662 -46.936032 0.411684 -0.682104 0.297546 0.526039
1403638591.027829 -62.410509 318.296835 -47.166054 0.411331 -0.683623 0.297168 0.524554
1403638591.127830 -62.113540 320.327109 -47.398080 0.412639 -0.686182 0.294459 0.521706
1403638591.227829 -61.813836 322.361335 -47.637182 0.415079 -0.691124 0.289729 0.515862
1403638591.327830 -61.511637 324.396845 -47.882970 0.417473 -0.697322 0.285328 0.507982
1403638591.427830 -61.208386 326.432435 -48.133145 0.418314 -0.701367 0.282976 0.503014
1403638591.527829 -60.904744 328.467158 -48.389293 -0.418585 0.705078 -0.281664 -0.498314
1403638591.627830 -60.601275 330.500528 -48.651203 -0.419031 0.707735 -0.280416 -0.494865
1403638591.727829 -60.298126 332.532308 -48.915065 -0.417567 0.707446 -0.281500 -0.495899
1403638591.827830 -59.995604 334.563132 -49.178547 -0.416324 0.704795 -0.283197 -0.499738
1403638591.927830 -59.692760 336.593495 -49.437975 0.415054 -0.701801 0.285385 0.503746
1403638592.027829 -59.388851 338.624537 -49.688658 0.413279 -0.699417 0.287904 0.507078
1403638592.127830 -59.083878 340.655547 -49.930849 0.412825 -0.697259 0.289797 0.509336
1403638592.227829 -58.776412 342.687990 -50.162377 0.411686 -0.691254 0.299303 0.512932
1403638592.327830 -58.465851 344.725549 -50.384708 0.412898 -0.682637 0.312326 0.515727
1403638592.427830 -58.152093 346.769637 -50.600459 0.420842 -0.673414 0.325309 0.513400
1403638592.527829 -57.835870 348.822581 -50.810069 0.434765 -0.666236 0.332178 0.506721
1403638592.627830 -57.518132 350.884090 -51.013920 -0.449171 0.661761 -0.332851 -0.499528
1403638592.727829 -57.198500 352.951838 -51.215484 -0.460882 0.660000 -0.331673 -0.491916
1403638592.827830 -56.877294 355.023666 -51.422543 -0.469281 0.660632 -0.329917 -0.484248
1403638592.927830 -56.554106 357.098805 -51.635570 -0.474649 0.660018 -0.328281 -0.480953
1403638593.027829 -56.229249 359.175860 -51.854071 -0.477305 0.659192 -0.327836 -0.479759
1403638593.127830 -55.902355 361.254337 -52.076871 -0.477957 0.658465 -0.328146 -0.479898
1403638593.227829 -55.573089 363.333432 -52.294883 -0.476516 0.654472 -0.329778 -0.485639
1403638593.327830 -55.240121 365.414532 -52.507587 -0.477266 0.649005 -0.326739 -0.494217
1403638593.427830 -54.901386 367.500400 -52.718713 0.477027 -0.641446 0.324182 0.505865
1403638593.527829 -54.555008 369.590806 -52.936757 0.475197 -0.637296 0.323839 0.513001
1403638593.627830 -54.200235 371.686155 -53.163240 0.473660 -0.635727 0.323158 0.516784
1403638593.727829 -53.836107 373.787385 -53.397132 0.472251 -0.634110 0.323439 0.519876
1403638593.827830 -53.461580 375.894519 -53.635414 0.466905 -0.630219 0.330554 0.524936
1403638593.927830 -53.075233 378.010912 -53.871009 0.461842 -0.621798 0.344860 0.530227
1403638594.027829 -52.678407 380.139601 -54.106308 0.465738 -0.621554 0.349229 0.524212
1403638594.127830 -52.272251 382.281620 -54.338463 0.472150 -0.623776 0.348079 0.516546
1403638594.227829 -51.858558 384.434591 -54.571625 0.478839 -0.623660 0.343857 0.513345
1403638594.327830 -51.437134 386.595759 -54.809310 0.481742 -0.620663 0.343860 0.514259
1403638594.427830 -51.006734 388.765745 -55.047141 0.484619 -0.614913 0.342404 0.519409
1403638594.527829 -50.565407 390.945347 -55.282533 0.485142 -0.613806 0.343959 0.519204
1403638594.627830 -50.112942 393.136252 -55.512519 0.483994 -0.616113 0.347637 0.515076
1403638594.727829 -49.652286 395.335447 -55.743005 0.482426 -0.618782 0.349560 0.512037
1403638594.827830 -49.185025 397.542006 -55.980522 0.481422 -0.620405 0.350013 0.510707
1403638594.927830 -48.710819 399.757279 -56.226205 0.481213 -0.621855 0.348912 0.509893
1403638595.027829 -48.230103 401.981266 -56.480734 0.481120 -0.624241 0.347508 0.508021
1403638595.127830 -47.743009 404.212695 -56.743075 0.480871 -0.625842 0.346360 0.507070
1403638595.227829 -47.250034 406.451310 -57.013182 0.480795 -0.626478 0.345024 0.507267
1403638595.327830 -46.750793 408.697195 -57.290843 0.480546 -0.626750 0.344418 0.507578
1403638595.427830 -46.245354 410.950122 -57.574571 0.479737 -0.627306 0.344618 0.507522
1403638595.527829 -45.734076 413.209999 -57.864042 0.480026 -0.627782 0.343855 0.507177
1403638595.627830 -45.216116 415.476847 -58.153104 0.480792 -0.627741 0.342720 0.507270
1403638595.727829 -44.690267 417.751435 -58.435550 0.482855 -0.625904 0.339065 0.510029
1403638595.827830 -44.155991 420.034485 -58.718399 0.484231 -0.625338 0.336038 0.511420
1403638595.927830 -43.614345 422.323240 -59.013200 0.484215 -0.624748 0.335234 0.512683
1403638596.027829 -43.065288 424.616596 -59.322585 0.485490 -0.622604 0.332395 0.515923
1403638596.127830 -42.507315 426.915274 -59.638261 0.490260 -0.618320 0.323430 0.522224
1403638596.227829 -41.936374 429.221345 -59.952657 0.496768 -0.613332 0.312217 0.528741
1403638596.327830 -41.349738 431.532491 -60.261005 0.502372 -0.608056 0.302431 0.535187
1403638596.427830 -40.743844 433.848268 -60.561650 0.505535 -0.603882 0.297103 0.539900
1403638596.527829 -40.117338 436.168343 -60.856139 0.508680 -0.599479 0.291962 0.544636
1403638596.627830 -39.468904 438.490761 -61.143335 0.512384 -0.595521 0.285363 0.548986
1403638596.727829 -38.796322 440.816736 -61.425415 0.515616 -0.592345 0.279313 0.552496
1403638596.827830 -38.098649 443.145224 -61.702129 0.517300 -0.589452 0.276142 0.555601
1403638596.927830 -37.375768 445.477131 -61.975781 0.517577 -0.587262 0.275079 0.558183
1403638597.027829 -36.629900 447.812194 -62.254247 0.516597 -0.586472 0.274466 0.560220
1403638597.127830 -35.861559 450.149711 -62.540487 0.515840 -0.584520 0.273599 0.563373
1403638597.227829 -35.070155 452.490331 -62.834759 0.513268 -0.583864 0.275172 0.565631
1403638597.327830 -34.255574 454.834964 -63.137479 0.509341 -0.585081 0.280205 0.565453
1403638597.427830 -33.419263 457.185065 -63.448058 0.504187 -0.587783 0.287271 0.563721
1403638597.527829 -32.562771 459.541249 -63.765068 0.495436 -0.591129 0.301649 0.560461
1403638597.627830 -31.689651 461.905380 -64.088658 0.488401 -0.594141 0.312270 0.557628
1403638597.727829 -30.802667 464.278368 -64.418584 0.487280 -0.594024 0.313196 0.558213
1403638597.827830 -29.901344 466.660074 -64.754599 0.495334 -0.588732 0.306793 0.560283
1403638597.927830 -28.983905 469.050833 -65.096658 0.504552 -0.582313 0.301325 0.561732
1403638598.027829 -28.048565 471.449664 -65.439859 0.509673 -0.578193 0.302785 0.560578
1403638598.127830 -27.093101 473.856410 -65.778170 0.508102 -0.581502 0.315536 0.551475
1403638598.227829 -26.120931 476.275105 -66.113204 0.503310 -0.589453 0.331491 0.537902
1403638598.327830 -25.137826 478.703192 -66.448106 0.500803 -0.596861 0.340156 0.526543
1403638598.427830 -24.148230 481.139051 -66.788463 0.500046 -0.601045 0.343525 0.520279
1403638598.527829 -23.152357 483.583703 -67.134854 0.501353 -0.602186 0.344890 0.516787
1403638598.627830 -22.151348 486.036077 -67.490348 0.507172 -0.600883 0.345818 0.511983
1403638598.727829 -21.144900 488.495105 -67.848103 0.515618 -0.594645 0.349732 0.508156
1403638598.827830 -20.131987 490.962276 -68.202705 0.525364 -0.586150 0.356486 0.503327
1403638598.927830 -19.113275 493.437349 -68.552490 -0.538077 0.576624 -0.361949 -0.496961
1403638599.027829 -18.088026 495.920499 -68.898996 -0.550552 0.566541 -0.370295 -0.488676
1403638599.127830 -17.055161 498.411271 -69.237925 0.564193 -0.554174 0.377421 0.481799
1403638599.227829 -16.014744 500.912078 -69.572831 0.578328 -0.541888 0.384091 0.473675
1403638599.327830 -14.966618 503.420651 -69.901807 0.592597 -0.530393 0.390885 0.463380
1403638599.427830 -13.911950 505.938516 -70.224586 0.606107 -0.520734 0.393559 0.454512
1403638599.527829 -12.850962 508.462478 -70.545658 0.615408 -0.514449 0.395245 0.447657
1403638599.627830 -11.784835 510.991934 -70.872526 0.620364 -0.511992 0.397040 0.442009
1403638599.727829 -10.713913 513.527778 -71.208574 0.623374 -0.510656 0.396894 0.439444
1403638599.827830 -9.637391 516.065947 -71.552494 0.623186 -0.511817 0.396950 0.438307
1403638599.927830 -8.555506 518.607661 -71.901647 0.621539 -0.515572 0.397808 0.435458
1403638600.027829 -7.467649 521.151869 -72.255282 0.616823 -0.519962 0.402323 0.432788
1403638600.127830 -6.375332 523.697820 -72.612411 0.612258 -0.528594 0.406202 0.425122
1403638600.227829 -5.281060 526.247468 -72.973748 0.606886 -0.539459 0.411563 0.413871
1403638600.327830 -4.187693 528.800067 -73.338927 0.601975 -0.547933 0.415714 0.405682
1403638600.427830 -3.096920 531.353523 -73.702002 0.597528 -0.555140 0.419480 0.398518
1403638600.527829 -2.011048 533.908206 -74.055813 0.596087 -0.557815 0.419380 0.397043
1403638600.627830 -0.930122 536.463789 -74.399908 0.595986 -0.559870 0.417538 0.396242
1403638600.727829 0.146327 539.020176 -74.735767 0.596642 -0.562468 0.415349 0.393870
1403638600.827830 1.218480 541.576079 -75.064965 0.601286 -0.563220 0.408429 0.392969
1403638600.927830 2.287500 544.131400 -75.390716 0.610974 -0.556383 0.394238 0.402150
1403638601.027829 3.357406 546.685089 -75.721572 0.618255 -0.548747 0.383646 0.411648
1403638601.127830 4.431807 549.236978 -76.057787 0.620753 -0.543616 0.380079 0.417956
1403638601.227829 5.512128 551.788143 -76.398812 0.622917 -0.535912 0.376904 0.427453
1403638601.327830 6.601097 554.338391 -76.742965 0.621585 -0.525397 0.380237 0.439329
1403638601.427830 7.702017 556.890627 -77.087113 0.620613 -0.520397 0.392059 0.436252
1403638601.527829 8.813965 559.447337 -77.426740 0.624695 -0.510433 0.403712 0.431545
1403638601.627830 9.935512 562.010445 -77.762112 0.634414 -0.495814 0.412830 0.425745
1403638601.727829 11.067165 564.580655 -78.093356 0.648880 -0.477497 0.420384 0.417407
1403638601.827830 12.209730 567.160119 -78.418737 0.665318 -0.454573 0.428987 0.408270
1403638601.927830 13.363301 569.749354 -78.740486 0.681576 -0.431681 0.436954 0.397714
1403638602.027829 14.526125 572.346849 -79.066330 0.694221 -0.415874 0.442597 0.386283
1403638602.127830 15.697382 574.952465 -79.399807 0.702828 -0.402886 0.446704 0.379699
1403638602.227829 16.878716 577.567168 -79.740694 0.709961 -0.386371 0.451826 0.377525
1403638602.327830 18.072125 580.192650 -80.087404 0.715496 -0.368795 0.463442 0.370509
1403638602.427830 19.277991 582.831595 -80.429823 0.711384 -0.352143 0.494045 0.354750
1403638602.527829 20.490780 585.486505 -80.763482 0.700200 -0.331558 0.532513 0.340908
1403638602.627830 21.702085 588.160534 -81.091088 0.695242 -0.314006 0.558915 0.325042
1403638602.727829 22.906144 590.855695 -81.415065 0.703075 -0.298058 0.565667 0.311237
1403638602.827830 24.102767 593.571944 -81.733518 0.715179 -0.280775 0.565163 0.300459
1403638602.927830 25.292792 596.308855 -82.049297 0.727022 -0.267579 0.565687 0.282556
1403638603.027829 26.478537 599.062715 -82.366117 0.736443 -0.258043 0.569942 0.257355
1403638603.127830 27.658653 601.829050 -82.687503 0.741266 -0.243203 0.577177 0.241339
1403638603.227829 28.831469 604.606280 -83.018662 0.751792 -0.232023 0.572231 0.231354
1403638603.327830 29.997879 607.393800 -83.360938 0.771126 -0.229482 0.551037 0.221496
1403638603.427830 31.164148 610.188932 -83.711161 0.785992 -0.230045 0.532661 0.213466
1403638603.527829 32.334496 612.989031 -84.066118 0.791944 -0.229092 0.525578 0.210022
1403638603.627830 33.511637 615.793795 -84.425784 0.789444 -0.222951 0.532019 0.209827
1403638603.727829 34.693260 618.603601 -84.793194 0.786676 -0.212862 0.536882 0.218148
1403638603.827830 35.878675 621.420940 -85.168384 0.784327 -0.202618 0.539730 0.229063
1403638603.927830 37.069538 624.249427 -85.551203 0.781823 -0.193607 0.541832 0.240180
1403638604.027829 38.265906 627.091350 -85.940746 0.779579 -0.187700 0.543265 0.248774
1403638604.127830 39.470241 629.948809 -86.331875 0.778235 -0.184070 0.543895 0.254258
1403638604.227829 40.684011 632.823865 -86.716751 0.778262 -0.186442 0.544576 0.250966
1403638604.327830 41.904214 635.717135 -87.096653 0.780449 -0.194558 0.543104 0.241009
1403638604.427830 43.130139 638.625038 -87.472220 0.785358 -0.202028 0.536790 0.232925
1403638604.527829 44.364854 641.543797 -87.841979 0.791603 -0.206379 0.527447 0.229287
1403638604.627830 45.608010 644.471567 -88.212936 0.794220 -0.208411 0.523418 0.227624
1403638604.727829 46.859908 647.406703 -88.590489 0.794391 -0.212698 0.523568 0.222662
1403638604.827830 48.120189 650.348203 -88.971577 0.794523 -0.216458 0.523528 0.218626
1403638604.927830 49.388846 653.295565 -89.351283 0.797940 -0.219138 0.518101 0.216431
1403638605.027829 50.667558 656.248094 -89.727170 0.804142 -0.223454 0.508338 0.212168
1403638605.127830 51.957160 659.205189 -90.095437 0.809042 -0.226380 0.500370 0.209363
1403638605.227829 53.261633 662.162970 -90.458070 0.811544 -0.226379 0.496024 0.210022
1403638605.327830 54.580768 665.121058 -90.823874 0.812733 -0.223171 0.493554 0.214624
1403638605.427830 55.914320 668.080942 -91.194600 0.810312 -0.213472 0.496430 0.226676
1403638605.527829 57.262035 671.045740 -91.571315 0.805723 -0.202193 0.502185 0.240289
1403638605.627830 58.622684 674.019254 -91.955298 0.803018 -0.193194 0.504722 0.251182
1403638605.727829 59.996943 677.004804 -92.342775 0.801856 -0.189172 0.505653 0.256039
1403638605.827830 61.386460 680.005077 -92.724598 0.802629 -0.189058 0.504044 0.256872
1403638605.927830 62.793498 683.018828 -93.100216 0.802977 -0.187560 0.502581 0.259734
1403638606.027829 64.217535 686.045307 -93.474463 0.803286 -0.185820 0.500617 0.263789
1403638606.127830 65.656048 689.085404 -93.856128 0.803645 -0.185280 0.498834 0.266441
1403638606.227829 67.108486 692.139611 -94.247091 0.804440 -0.184444 0.496526 0.268922
1403638606.327830 68.575866 695.207469 -94.648381 0.805853 -0.188998 0.494316 0.265580
1403638606.427830 70.058195 698.287341 -95.059824 0.809475 -0.201290 0.490235 0.252788
1403638606.527829 71.555585 701.375682 -95.479406 0.812667 -0.214694 0.486597 0.238124
1403638606.627830 73.068484 704.468945 -95.905598 0.816257 -0.220771 0.482892 0.227597
1403638606.727829 74.597969 707.565377 -96.337859 0.821889 -0.217898 0.478718 0.218742
1403638606.827830 76.143936 710.664313 -96.775121 0.828072 -0.208899 0.476690 0.208386
1403638606.927830 77.708983 713.764338 -97.211717 0.834215 -0.195176 0.477068 0.195953
1403638607.027829 79.294546 716.865089 -97.642508 0.839477 -0.179493 0.479956 0.180838
1403638607.127830 80.898009 719.966688 -98.064854 0.841756 -0.168093 0.486170 0.163801
1403638607.227829 82.518414 723.068010 -98.481750 0.837963 -0.154708 0.499475 0.156230
1403638607.327830 84.151129 726.169637 -98.903541 0.831841 -0.144680 0.513897 0.151716
1403638607.427830 85.794038 729.272955 -99.334488 0.828157 -0.139582 0.522561 0.146980
1403638607.527829 87.445237 732.378340 -99.773979 0.828106 -0.138785 0.524065 0.142602
1403638607.627830 89.103496 735.485985 -100.219161 0.828068 -0.137127 0.524768 0.141840
1403638607.727829 90.770075 738.596050 -100.667866 0.826534 -0.135074 0.526983 0.144517
1403638607.827830 92.444170 741.709058 -101.121122 0.826595 -0.135863 0.526477 0.145271
1403638607.927830 94.126328 744.825487 -101.579640 0.827306 -0.141687 0.524995 0.140958
1403638608.027829 95.817213 747.943404 -102.042708 0.826080 -0.145654 0.526279 0.139312
1403638608.127830 97.516153 751.062364 -102.509845 0.823367 -0.144231 0.529482 0.144614
1403638608.227829 99.222441 754.184032 -102.982463 0.820632 -0.140625 0.532491 0.152452
1403638608.327830 100.935153 757.310346 -103.459801 0.815984 -0.137805 0.538640 0.158265
1403638608.427830 102.653481 760.442893 -103.943009 0.812872 -0.135656 0.542884 0.161599
1403638608.527829 104.376112 763.581876 -104.433485 0.814478 -0.136737 0.540170 0.161695
1403638608.627830 106.104024 766.727586 -104.926312 0.812346 -0.137884 0.543116 0.161578
1403638608.727829 107.836539 769.881820 -105.414162 0.808994 -0.137453 0.548352 0.161078
1403638608.827830 109.572347 773.044367 -105.899100 0.811643 -0.138725 0.544403 0.160051
1403638608.927830 111.313630 776.214753 -106.376597 0.815124 -0.140990 0.539231 0.157877
1403638609.027829 113.060113 779.392444 -106.847469 0.817753 -0.143975 0.535452 0.154408
1403638609.127830 114.814582 782.575507 -107.311934 0.819134 -0.144796 0.533191 0.154145
1403638609.227829 116.575933 785.763865 -107.773437 0.816139 -0.148454 0.538108 0.149393
1403638609.327830 118.342051 788.956419 -108.240646 0.814508 -0.151051 0.540623 0.146589
1403638609.427830 120.113024 792.151882 -108.715664 0.815526 -0.149672 0.538692 0.149420
1403638609.527829 121.889177 795.351433 -109.197863 0.816721 -0.148234 0.536352 0.152706
1403638609.627830 123.671941 798.555606 -109.687082 0.817170 -0.147612 0.535272 0.154689
1403638609.727829 125.462657 801.764852 -110.180901 0.817566 -0.145199 0.534287 0.158244
1403638609.827830 127.262101 804.980574 -110.672526 0.818041 -0.146278 0.533562 0.157235
1403638609.927830 129.070865 808.202396 -111.155877 0.817516 -0.146237 0.534208 0.157807
1403638610.027829 130.888032 811.430444 -111.633157 0.815657 -0.146591 0.537037 0.157501
1403638610.127830 132.712948 814.665227 -112.103138 0.812177 -0.146073 0.542227 0.158179
1403638610.227829 134.543823 817.906406 -112.574262 0.809528 -0.144691 0.545995 0.160058
1403638610.327830 136.379962 821.153612 -113.052117 0.808041 -0.144964 0.548004 0.160461
1403638610.427830 138.221306 824.406932 -113.536374 0.806967 -0.145646 0.549452 0.160296
1403638610.527829 140.067004 827.666831 -114.025383 0.804720 -0.143420 0.552315 0.163718
1403638610.627830 141.916265 830.934913 -114.516646 0.797180 -0.140702 0.563139 0.166075
1403638610.727829 143.766440 834.213114 -115.007815 0.797788 -0.141205 0.562388 0.165273
1403638610.827830 145.618483 837.501067 -115.495393 0.805011 -0.144763 0.552386 0.160846
1403638610.927830 147.478706 840.795928 -115.972953 0.808672 -0.145494 0.547406 0.158836
1403638611.027829 149.345767 844.097409 -116.447034 0.806844 -0.146029 0.550237 0.157852
1403638611.127830 151.217113 847.405458 -116.925523 0.804375 -0.144751 0.554098 0.158127
1403638611.227829 153.093165 850.720097 -117.409568 0.804563 -0.143785 0.553963 0.158521
1403638611.327830 154.973776 854.042372 -117.890677 0.805478 -0.141713 0.552413 0.161130
1403638611.427830 156.858419 857.373591 -118.367021 0.806353 -0.132980 0.549506 0.173649
1403638611.527829 158.750926 860.716135 -118.836888 0.808342 -0.125774 0.544732 0.184475
1403638611.627830 160.651300 864.073021 -119.302148 0.811014 -0.125484 0.539791 0.187444
1403638611.727829 162.561534 867.443484 -119.767250 0.812752 -0.130164 0.537597 0.182980
1403638611.827830 164.480995 870.824523 -120.239084 0.813723 -0.138521 0.537081 0.173813
1403638611.927830 166.409138 874.213980 -120.717284 0.814818 -0.144937 0.535689 0.167636
1403638612.027829 168.347612 877.610518 -121.198619 0.815597 -0.148386 0.534530 0.164501
1403638612.127830 170.296842 881.014535 -121.675108 0.815823 -0.151128 0.534071 0.162362
1403638612.227829 172.257046 884.425411 -122.144393 0.816166 -0.151543 0.533224 0.163033
1403638612.327830 174.229829 887.842056 -122.606465 0.815991 -0.151175 0.533259 0.164132
1403638612.427830 176.212419 891.265417 -123.067854 0.814966 -0.150568 0.534257 0.166520
1403638612.527829 178.203669 894.695148 -123.536019 0.813253 -0.149019 0.535863 0.171068
1403638612.627830 180.203363 898.132174 -124.012279 0.812942 -0.146348 0.535046 0.177294
1403638612.727829 182.213756 901.577535 -124.495660 0.812071 -0.144129 0.534913 0.183399
1403638612.827830 184.233280 905.033116 -124.984393 0.810113 -0.144480 0.536677 0.186598
1403638612.927830 186.262558 908.501019 -125.471842 0.808088 -0.145854 0.538998 0.187620
1403638613.027829 188.303167 911.980844 -125.956033 0.809035 -0.148595 0.537239 0.186430
1403638613.127830 190.354253 915.473179 -126.432819 0.809417 -0.150503 0.536415 0.185611
1403638613.227829 192.416456 918.976634 -126.904790 0.810334 -0.152229 0.534909 0.184547
1403638613.327830 194.490482 922.490625 -127.370911 0.810948 -0.152440 0.533711 0.185142
1403638613.427830 196.575657 926.014821 -127.835339 0.810666 -0.151673 0.533858 0.186577
1403638613.527829 198.670886 929.548292 -128.305824 0.808156 -0.153990 0.536581 0.187758
1403638613.627830 200.776368 933.090580 -128.784071 0.804974 -0.159472 0.539623 0.188129
1403638613.727829 202.890857 936.642353 -129.270260 0.799809 -0.163319 0.545947 0.188610
1403638613.827830 205.011637 940.202806 -129.764804 0.794870 -0.168589 0.550081 0.192797
1403638613.927830 207.137399 943.771960 -130.267101 0.791104 -0.177624 0.550027 0.200186
1403638614.027829 209.267818 947.350422 -130.774849 0.787652 -0.189978 0.546556 0.211634
1403638614.127830 211.404502 950.938368 -131.287210 0.784053 -0.205771 0.540930 0.224308
1403638614.227829 213.548574 954.537028 -131.797880 0.780520 -0.222218 0.534200 0.236724
1403638614.327830 215.701884 958.147106 -132.305472 0.777263 -0.235845 0.529082 0.245582
1403638614.427830 217.865897 961.768198 -132.807301 0.774025 -0.246925 0.526496 0.250429
1403638614.527829 220.039788 965.400293 -133.301973 0.771096 -0.255964 0.525119 0.253265
1403638614.627830 222.222947 969.041733 -133.791909 0.766810 -0.266260 0.524287 0.257354
1403638614.727829 224.416834 972.690338 -134.274192 0.761787 -0.281824 0.522689 0.258944
1403638614.827830 226.617290 976.348132 -134.749287 0.756777 -0.301753 0.517764 0.261065
1403638614.927830 228.825077 980.012249 -135.217740 0.750674 -0.321672 0.510666 0.268767
1403638615.027829 231.040557 983.679813 -135.682221 0.741192 -0.342454 0.503890 0.281878
1403638615.127830 233.262335 987.352196 -136.143454 0.728903 -0.361481 0.496485 0.302548
1403638615.227829 235.491085 991.030511 -136.599628 0.713421 -0.376713 0.490434 0.329534
1403638615.327830 237.728855 994.716353 -137.056823 0.696586 -0.395057 0.483920 0.352873
1403638615.427830 239.975573 998.411283 -137.520688 0.678862 -0.415162 0.476739 0.373506
1403638615.527829 242.232305 1002.115308 -137.991882 0.661904 -0.435504 0.468233 0.391123
1403638615.627830 244.499661 1005.829827 -138.469476 0.647380 -0.451797 0.461530 0.404684
1403638615.727829 246.778652 1009.555629 -138.948498 0.637257 -0.463426 0.456525 0.413189
1403638615.827830 249.069174 1013.294027 -139.421662 0.629726 -0.471928 0.453062 0.418885
1403638615.927830 251.369393 1017.045063 -139.893002 0.620925 -0.481481 0.450918 0.423439
1403638616.027829 253.678197 1020.806986 -140.370604 0.612846 -0.491002 0.445986 0.429457
1403638616.127830 255.995037 1024.579819 -140.857435 0.603624 -0.500506 0.440503 0.437137
1403638616.227829 258.319166 1028.362535 -141.361070 0.592070 -0.513090 0.434654 0.444149
1403638616.327830 260.649742 1032.154430 -141.883125 0.578131 -0.527123 0.427281 0.453142
1403638616.427830 262.987908 1035.956453 -142.418306 0.563980 -0.540920 0.419249 0.462128
1403638616.527829 265.335978 1039.769180 -142.960155 -0.552565 0.552569 -0.412676 -0.468015
1403638616.627830 267.693584 1043.592523 -143.506668 -0.546065 0.562736 -0.404559 -0.470609
1403638616.727829 270.060517 1047.425770 -144.058647 -0.543964 0.575505 -0.396207 -0.464670
1403638616.827830 272.436326 1051.265790 -144.615146 -0.542968 0.588317 -0.391629 -0.453537
1403638616.927830 274.819017 1055.110541 -145.168137 -0.542325 0.592057 -0.389492 -0.451274
1403638617.027829 277.208069 1058.959440 -145.710661 -0.542832 0.585932 -0.387727 -0.460093
1403638617.127830 279.605779 1062.814420 -146.243958 -0.544289 0.577943 -0.386447 -0.469457
1403638617.227829 282.014303 1066.676629 -146.770806 -0.547795 0.573849 -0.383773 -0.472584
1403638617.327830 284.434629 1070.546306 -147.293267 -0.552036 0.574479 -0.380700 -0.469359
1403638617.427830 286.867226 1074.422860 -147.810460 -0.557355 0.575433 -0.375472 -0.466104
1403638617.527829 289.312980 1078.305794 -148.321058 -0.560801 0.574666 -0.373380 -0.464596
1403638617.627830 291.771832 1082.194255 -148.825033 -0.562333 0.572397 -0.373540 -0.465415
1403638617.727829 294.244129 1086.087254 -149.322121 -0.563828 0.568077 -0.373743 -0.468724
1403638617.827830 296.730125 1089.986256 -149.814060 -0.565502 0.566163 -0.373352 -0.469335
1403638617.927830 299.229962 1093.891629 -150.300609 0.565428 -0.564490 0.375465 0.469752
1403638618.027829 301.743135 1097.803234 -150.789883 0.565877 -0.563336 0.376512 0.469761
1403638618.127830 304.268296 1101.720871 -151.287003 0.566295 -0.563176 0.377683 0.468507
1403638618.227829 306.804560 1105.644969 -151.791773 0.566858 -0.562208 0.378160 0.468604
1403638618.327830 309.353055 1109.576441 -152.303631 0.567289 -0.560637 0.378404 0.469765
1403638618.427830 311.913938 1113.515523 -152.820448 0.567850 -0.559838 0.378470 0.469987
1403638618.527829 314.487646 1117.461749 -153.341167 0.568204 -0.558613 0.379301 0.470347
1403638618.627830 317.073367 1121.415579 -153.865142 0.566259 -0.559648 0.377752 0.472703
1403638618.727829 319.671793 1125.377126 -154.390452 0.563992 -0.561061 0.375007 0.475913
1403638618.827830 322.284557 1129.346302 -154.912459 -0.560086 0.562880 -0.375412 -0.478054
1403638618.927830 324.910874 1133.324428 -155.431017 -0.553870 0.564436 -0.374798 -0.483908
1403638619.027829 327.548989 1137.311118 -155.955358 -0.541799 0.568717 -0.373226 -0.493677
1403638619.127830 330.198485 1141.307836 -156.489830 0.526583 -0.576971 0.366529 0.505442
1403638619.227829 332.860274 1145.314350 -157.034037 0.507182 -0.589401 0.359446 0.515919
1403638619.327830 335.533965 1149.331668 -157.589242 0.485370 -0.604168 0.350045 0.526180
1403638619.427830 338.220199 1153.361099 -158.155216 0.464148 -0.617160 0.342422 0.535189
1403638619.527829 340.920607 1157.401338 -158.725731 0.447364 -0.627093 0.337907 0.540776
1403638619.627830 343.634014 1161.452927 -159.301557 0.433807 -0.635770 0.336829 0.542360
1403638619.727829 346.358591 1165.517022 -159.882559 0.421606 -0.644170 0.342077 0.538773
1403638619.827830 349.092100 1169.595208 -160.466820 0.413243 -0.648274 0.345353 0.538240
1403638619.927830 351.833397 1173.688840 -161.055113 0.408343 -0.650650 0.345498 0.539020
1403638620.027829 354.581368 1177.798129 -161.646663 0.405677 -0.651132 0.344020 0.541391
1403638620.127830 357.337016 1181.924779 -162.235761 0.403232 -0.648964 0.343626 0.546050
1403638621.327830 0.408106 -0.343638 -0.019438 0.809721 0.067276 0.581114 -0.046185
1403638621.427830 0.444026 -0.376330 -0.019125 0.807939 0.069295 0.583265 -0.047266
1403638621.527829 0.476218 -0.408663 -0.025101 0.805245 0.071445 0.586687 -0.047689
1403638621.627830 0.504942 -0.439821 -0.036782 0.803179 0.072691 0.589257 -0.048946
1403638621.727829 0.529213 -0.470627 -0.053551 0.801995 0.073817 0.590681 -0.049511
1403638621.827830 0.548694 -0.501664 -0.074201 0.799253 0.075066 0.594236 -0.049435
1403638621.927830 0.562064 -0.532865 -0.098399 0.795414 0.076008 0.599215 -0.049802
1403638622.027829 0.569463 -0.563526 -0.126377 0.793880 0.075873 0.601113 -0.051589
1403638622.127830 0.570717 -0.593916 -0.158847 0.795032 0.074318 0.599550 -0.054233
1403638622.227829 0.565306 -0.624758 -0.191629 0.795764 0.073092 0.598489 -0.056816
1403638622.327830 0.553403 -0.656740 -0.219516 0.796233 0.071514 0.597808 -0.059372
1403638622.427830 0.533699 -0.690988 -0.239524 0.796821 0.072655 0.597116 -0.057011
1403638622.527829 0.506817 -0.727335 -0.252541 0.796442 0.074129 0.597672 -0.054523
1403638622.627830 0.473941 -0.764269 -0.260232 0.794145 0.076451 0.600769 -0.050658
1403638622.727829 0.433520 -0.801477 -0.257515 0.785858 0.076128 0.611589 -0.050891
1403638622.827830 0.386344 -0.838109 -0.245092 0.776290 0.074260 0.623748 -0.052901
1403638622.927830 0.329220 -0.874754 -0.232454 0.776594 0.073439 0.623399 -0.053687
1403638623.027829 0.260539 -0.912454 -0.224860 0.783311 0.072593 0.614980 -0.054356
1403638623.127830 0.182666 -0.951693 -0.223862 0.789803 0.071125 0.606605 -0.056413
1403638623.227829 0.096519 -0.992850 -0.228053 0.793505 0.069536 0.601642 -0.059515
1403638623.327830 0.004472 -1.036322 -0.237642 0.797268 0.069065 0.596558 -0.060930
1403638623.427830 -0.091573 -1.082116 -0.251979 0.799880 0.070079 0.593016 -0.060101
1403638623.527829 -0.191349 -1.129303 -0.268056 0.800536 0.069742 0.592023 -0.061531
1403638623.627830 -0.295543 -1.178721 -0.278603 0.799507 0.071092 0.593476 -0.059340
1403638623.727829 -0.404288 -1.230518 -0.281860 0.799993 0.071923 0.592886 -0.057658
1403638623.827830 -0.518559 -1.284501 -0.280489 0.800652 0.072747 0.592054 -0.055994
1403638623.927830 -0.638819 -1.340447 -0.278325 0.802425 0.072916 0.589815 -0.053999
1403638624.027829 -0.761941 -1.397073 -0.281591 0.803330 0.072201 0.588693 -0.053742
1403638624.127830 -0.887982 -1.454216 -0.291495 0.804523 0.069893 0.587137 -0.055929
1403638624.227829 -1.016279 -1.512863 -0.306964 0.805213 0.067390 0.586223 -0.058596
1403638624.327830 -1.146247 -1.573107 -0.326656 0.804988 0.065584 0.586580 -0.060148
1403638624.427830 -1.277579 -1.635179 -0.351580 0.805030 0.064560 0.586594 -0.060544
1403638624.527829 -1.410814 -1.699600 -0.380400 0.802564 0.061713 0.590005 -0.063062
1403638624.627830 -1.546607 -1.766284 -0.411253 0.793769 0.056899 0.601553 -0.069477
1403638624.727829 -1.687525 -1.837202 -0.443686 0.794094 0.064341 0.600878 -0.064967
1403638624.827830 -1.833833 -1.910758 -0.471222 0.797996 0.075839 0.594847 -0.060070
1403638624.927830 -1.985691 -1.985562 -0.491071 0.800676 0.082649 0.590156 -0.061673
1403638625.027829 -2.140415 -2.060790 -0.507322 0.801580 0.085095 0.587785 -0.068820
1403638625.127830 -2.296229 -2.137412 -0.527056 0.802650 0.085218 0.585292 -0.076970
1403638625.227829 -2.452982 -2.216236 -0.551953 0.803412 0.086719 0.583476 -0.081016
1403638625.327830 -2.609977 -2.297689 -0.579967 0.803196 0.088529 0.583279 -0.082614
1403638625.427830 -2.766889 -2.381838 -0.605797 0.802588 0.089968 0.583757 -0.083577
1403638625.527829 -2.924643 -2.468757 -0.625689 0.802163 0.090708 0.584157 -0.084071
1403638625.627830 -3.082621 -2.558279 -0.640311 0.803438 0.091656 0.582364 -0.083300
1403638625.727829 -3.240021 -2.649921 -0.649444 0.806419 0.092115 0.578124 -0.083524
1403638625.827830 -3.397538 -2.743974 -0.661672 0.810846 0.092755 0.571910 -0.082737
1403638625.927830 -3.552591 -2.839889 -0.678195 0.811684 0.093596 0.570762 -0.081480
1403638626.027829 -3.705722 -2.937781 -0.700088 0.812630 0.093147 0.569480 -0.081540
1403638626.127830 -3.856866 -3.037514 -0.727212 0.813504 0.091786 0.568195 -0.083313
1403638626.227829 -4.005610 -3.139114 -0.759090 0.813100 0.092651 0.568793 -0.082214
1403638626.327830 -4.152652 -3.243099 -0.794959 0.810001 0.096049 0.573320 -0.077309
1403638626.427830 -4.298595 -3.347347 -0.833795 0.806602 0.099629 0.578021 -0.073210
1403638626.527829 -4.444796 -3.451489 -0.876524 0.807358 0.101670 0.576798 -0.071705
1403638626.627830 -4.591341 -3.555035 -0.919634 0.809512 0.101919 0.573642 -0.072371
1403638626.727829 -4.737271 -3.657722 -0.961005 0.812392 0.102406 0.569362 -0.073203
1403638626.827830 -4.879871 -3.759145 -0.995947 0.815713 0.102751 0.564447 -0.073854
1403638626.927830 -5.018332 -3.859524 -1.022006 0.817680 0.104220 0.561398 -0.073273
1403638627.027829 -5.153229 -3.958777 -1.045084 0.817596 0.104722 0.561295 -0.074289
1403638627.127830 -5.285234 -4.057430 -1.072207 0.817250 0.105155 0.561553 -0.075524
1403638627.227829 -5.414355 -4.156050 -1.103222 0.816990 0.105644 0.561696 -0.076576
1403638627.327830 -5.540556 -4.254608 -1.137274 0.816246 0.108111 0.562592 -0.074460
1403638627.427830 -5.664111 -4.352889 -1.174711 0.815731 0.109389 0.563182 -0.073782
1403638627.527829 -5.784808 -4.450415 -1.214588 0.815398 0.109360 0.563560 -0.074609
1403638627.627830 -5.903797 -4.547417 -1.255380 0.812864 0.110471 0.567237 -0.072732
1403638627.727829 -6.021214 -4.643965 -1.297121 0.809724 0.110101 0.571675 -0.073568
1403638627.827830 -6.138539 -4.740049 -1.340423 0.808241 0.110320 0.573753 -0.073374
1403638627.927830 -6.255972 -4.835710 -1.384741 0.809258 0.111033 0.572297 -0.072452
1403638628.027829 -6.373770 -4.931141 -1.429082 0.810663 0.111887 0.570329 -0.070928
1403638628.127830 -6.492064 -5.025901 -1.471927 0.811658 0.111991 0.568973 -0.070273
1403638628.227829 -6.609956 -5.119739 -1.513214 0.811889 0.111657 0.568721 -0.070186
1403638628.327830 -6.726783 -5.212708 -1.552523 0.812783 0.111104 0.567501 -0.070591
1403638628.427830 -6.842575 -5.304443 -1.589655 0.812899 0.109362 0.567294 -0.073571
1403638628.527829 -6.957436 -5.395691 -1.623928 0.809040 0.101982 0.572636 -0.084505
1403638628.627830 -7.072710 -5.489245 -1.655877 0.803752 0.095834 0.579653 -0.093818
1403638628.727829 -7.189485 -5.587496 -1.689536 0.803693 0.094387 0.579483 -0.096794
1403638628.827830 -7.307241 -5.691682 -1.728623 0.804389 0.097013 0.578688 -0.093094
1403638628.927830 -7.424945 -5.800887 -1.773272 0.803654 0.099594 0.579886 -0.089187
1403638629.027829 -7.543700 -5.913245 -1.818063 0.803506 0.103437 0.580138 -0.084373
1403638629.127830 -7.663446 -6.027706 -1.860344 0.803860 0.106746 0.579544 -0.080891
1403638629.227829 -7.784773 -6.143610 -1.900523 0.804306 0.108817 0.578770 -0.079223
1403638629.327830 -7.907968 -6.260835 -1.938117 0.804832 0.109976 0.577986 -0.077995
1403638629.427830 -8.032421 -6.378541 -1.975448 0.809004 0.110718 0.572127 -0.076969
1403638629.527829 -8.157047 -6.496526 -2.013106 0.814218 0.110044 0.564688 -0.077895
1403638629.627830 -8.279714 -6.614465 -2.049652 0.816065 0.105353 0.561900 -0.084896
1403638629.727829 -8.400432 -6.734730 -2.084766 0.814394 0.097177 0.563889 -0.096686
1403638629.827830 -8.518728 -6.859623 -2.120585 0.809435 0.092557 0.570576 -0.103398
1403638629.927830 -8.635851 -6.990768 -2.163090 0.802538 0.093397 0.580426 -0.101564
1403638630.027829 -8.754477 -7.128774 -2.215248 0.794535 0.098539 0.591730 -0.094133
1403638630.127830 -8.877639 -7.271069 -2.279199 0.793358 0.103329 0.593421 -0.088074
1403638630.227829 -9.006477 -7.415985 -2.350976 0.796580 0.106899 0.589019 -0.084199
1403638630.327830 -9.138795 -7.563490 -2.429243 0.802824 0.109750 0.580644 -0.079256
1403638630.427830 -9.266113 -7.704721 -2.472178 0.810687 0.106164 0.568507 -0.091194
1403638630.527829 -9.392131 -7.850201 -2.505310 0.799039 0.110205 0.584629 -0.087180
1403638630.627830 -9.520891 -7.998644 -2.559210 0.798285 0.109897 0.585732 -0.087074
1403638630.727829 -9.653447 -8.155428 -2.620233 0.821430 0.125248 0.549792 -0.085401
1403638630.827830 -9.797109 -8.324748 -2.668387 0.819510 0.122848 0.553629 -0.082498
1403638630.927830 -9.943846 -8.492421 -2.717655 0.819655 0.125130 0.552744 -0.083555
1403638631.027829 -10.092793 -8.663458 -2.767261 0.819865 0.125249 0.552297 -0.084279
1403638631.127830 -10.243335 -8.838165 -2.817100 0.819916 0.125254 0.552101 -0.085056
1403638631.227829 -10.396177 -9.016443 -2.867374 0.819794 0.125689 0.552153 -0.085254
1403638631.327830 -10.550345 -9.197780 -2.917811 0.819617 0.125909 0.552300 -0.085674
1403638631.427830 -10.706714 -9.382612 -2.968820 0.819490 0.126379 0.552356 -0.085837
1403638631.527829 -10.864731 -9.570776 -3.020071 0.819522 0.126626 0.552206 -0.086135
1403638631.627830 -11.024494 -9.762334 -3.071804 0.819456 0.127108 0.552174 -0.086248
